1616501033.054501,3083,3514,426,4694,-2.3,3.0,52.3
1616501033.160040,3095,3521,418,4707,-2.3,2.9,52.3
1616501033.246107,3128,3564,365,4756,-2.2,3.0,52.4
1616501033.353269,3136,3568,365,4764,-2.1,3.0,52.4
1616501033.451444,3087,3487,421,4676,-2.2,3.0,52.1
1616501033.549332,3033,3422,486,4598,-2.1,3.0,52.0
1616501033.646138,3000,3380,514,4548,-2.2,3.1,51.8
1616501033.749507,2910,3300,616,4442,-2.2,3.0,52.0
1616501033.845215,2934,3311,625,4468,-2.3,3.0,52.3
1616501033.946700,2923,3350,622,4489,-2.2,3.2,52.1
1616501034.033055,3001,3395,552,4565,-2.4,3.0,52.2
1616501034.141180,3017,3430,495,4595,-2.4,3.0,52.1
1616501034.240864,3074,3479,455,4665,-2.2,3.0,52.1
1616501034.336879,3099,3517,418,4706,-2.4,3.1,52.3
1616501034.435190,3128,3552,386,4749,-2.4,2.8,52.4
1616501034.533441,3136,3564,357,4761,-2.2,2.6,52.4
1616501034.631445,3144,3537,356,4746,-2.2,2.7,52.3
1616501034.730575,3136,3552,357,4752,-2.4,2.6,52.1
1616501034.820332,3058,3448,462,4632,-2.2,2.7,52.0
1616501034.923690,3005,3387,515,4557,-2.2,2.6,51.8
1616501035.032162,2913,3352,370,4456,-2.4,2.8,52.7
1616501035.122056,2921,3354,360,4462,-2.3,2.8,52.1
1616501035.220487,2906,3304,579,4438,-2.3,2.9,52.5
1616501035.319189,2940,3361,532,4496,-2.3,2.9,52.4
1616501035.416077,2981,3399,495,4548,-2.5,2.8,52.4
1616501035.506927,3005,3430,462,4583,-2.3,2.9,52.7
1616501035.595468,3046,3479,397,4641,-2.4,3.0,52.5
1616501035.707448,3071,3510,365,4678,-2.4,3.0,52.6
1616501035.805330,3112,3544,332,4728,-2.2,2.9,52.4
1616501035.896226,3129,3568,299,4755,-2.2,3.0,52.4
1616501036.002482,3113,3537,303,4722,-2.1,3.0,52.4
1616501036.099696,3034,3453,400,4614,-2.2,2.9,52.4
1616501036.198119,3005,3411,457,4568,-2.3,3.2,51.9
1616501036.298169,2959,3326,496,4479,-2.4,2.8,52.2
1616501036.386524,2902,3300,591,4434,-2.2,2.9,52.0
1616501036.491632,2894,3285,601,4419,-2.4,3.2,52.3
1616501036.588707,2924,3361,561,4490,-2.3,3.2,52.4
1616501036.686527,2940,3381,528,4511,-2.3,3.0,52.3
1616501036.784530,3001,3407,490,4567,-1.9,3.0,52.1
1616501036.885495,3022,3465,430,4618,-2.9,3.0,52.4
1616501036.980536,3067,3503,398,4672,-1.8,2.7,52.5
1616501037.081187,3075,3510,382,4682,-1.9,2.8,52.5
1616501037.169703,3124,3568,328,4754,-2.6,2.9,52.5
1616501037.274423,3125,3572,315,4756,-2.2,2.6,52.3
1616501037.372794,3099,3509,343,4694,-2.4,2.7,52.3
1616501037.470544,3050,3456,404,4627,-2.4,2.7,52.0
1616501037.568495,3001,3387,494,4552,-2.3,2.7,52.0
1616501037.665992,2932,3334,548,4474,-2.4,2.7,52.2
1616501037.764220,2906,3296,595,4434,-2.3,3.0,52.1
1616501037.864331,2918,3319,580,4457,-2.2,2.9,52.3
1616501037.946759,2936,3377,532,4506,-2.5,2.8,52.0
1616501038.058361,2997,3387,507,4550,-2.4,3.0,52.3
1616501038.155567,3026,3457,434,4615,-2.2,3.3,52.4
1616501038.247086,3038,3476,397,4634,-2.3,3.0,52.5
1616501038.351781,3059,3503,398,4668,-2.5,2.8,52.5
1616501038.449740,3108,3552,329,4731,-2.2,3.0,52.5
1616501038.547602,3096,3537,324,4712,-2.2,3.1,52.5
1616501038.648197,3120,3560,333,4745,-2.2,3.0,52.4
1616501038.737338,3062,3479,381,4650,-2.2,3.0,52.3
1616501038.837627,3030,3438,408,4600,-2.2,3.2,52.0
1616501038.947727,2947,3322,525,4472,-2.2,3.2,51.9
1616501039.037129,2906,3296,579,4432,-2.4,3.2,52.0
1616501039.135608,2897,3281,595,4417,-2.2,3.1,52.4
1616501039.233018,2908,3339,560,4463,-2.2,3.0,52.4
1616501039.330603,2940,3377,545,4511,-2.0,2.9,52.2
1616501039.428626,3005,3418,479,4576,-2.6,2.9,52.2
1616501039.523934,3046,3468,417,4635,-2.5,2.8,52.5
1616501039.624782,3047,3483,409,4646,-2.1,2.8,52.6
1616501039.722895,3124,3568,336,4754,-3.8,2.9,52.4
1616501039.820362,3111,3533,365,4722,-4.6,3.0,51.6
1616501039.918854,2972,3365,519,4519,-5.8,3.0,51.9
1616501040.018810,3006,3457,488,4607,-6.0,2.5,52.1
1616501040.114610,3068,3549,399,4708,-6.0,3.0,52.9
1616501040.214799,3139,3672,286,4839,-5.3,2.9,53.1
1616501040.304048,3028,3585,361,4706,-5.2,2.8,53.2
1616501040.408165,2914,3471,486,4558,-4.9,3.6,53.4
1616501040.507559,2813,3437,598,4481,-5.2,3.6,53.7
1616501040.609302,2814,3468,575,4503,-5.8,3.3,54.8
1616501040.702356,2820,3561,508,4570,-5.5,2.5,55.2
1616501040.800397,2887,3723,389,4727,-5.7,3.3,55.4
1616501040.899041,2913,3785,328,4787,-5.2,3.0,56.5
1616501040.997994,2915,3874,253,4854,-5.5,2.4,57.2
1616501041.087738,2906,4032,169,4972,-5.3,2.5,58.3
1616501041.191326,2879,4059,137,4978,-5.3,2.9,59.0
1616501041.296252,2760,4117,109,4958,-4.6,3.0,59.9
1616501041.387346,2699,4094,126,4905,-4.7,2.3,60.7
1616501041.485752,2630,4049,134,4830,-4.7,2.4,61.4
1616501041.584015,2506,4055,162,4770,-4.7,3.0,61.9
1616501041.671569,2500,4093,90,4796,-4.8,2.8,62.7
1616501041.818607,2531,4244,-50,4942,-5.3,2.4,63.1
1616501041.975069,2602,4351,-221,5074,-6.7,4.1,62.9
1616501042.075363,2813,4631,-579,5449,-6.3,3.9,63.0
1616501042.171082,2812,4588,-622,5417,-5.5,2.9,62.9
1616501042.269656,2725,4457,-616,5260,-4.6,1.5,62.9
1616501042.368091,2843,4641,-1017,5537,-6.2,2.7,63.2
1616501042.466167,2807,4627,-1104,5523,-6.2,3.0,64.0
1616501042.566606,2709,4540,-1109,5402,-6.3,4.0,64.6
1616501042.658391,2730,4546,-1340,5469,-5.9,3.4,64.1
1616501042.762815,2800,4573,-1506,5570,-6.4,3.4,63.7
1616501042.858140,2711,4334,-1545,5340,-5.3,3.3,63.3
1616501042.955727,2785,4394,-1734,5484,-6.0,2.8,63.3
1616501043.053480,2644,4191,-1673,5230,-6.9,2.5,63.1
1616501043.151409,2612,4118,-1881,5227,-7.0,4.4,63.9
1616501043.249931,2710,4202,-2082,5416,-6.0,3.8,63.2
1616501043.349963,2709,4117,-2155,5378,-7.1,2.7,62.7
1616501043.437604,2806,4146,-2346,5529,-7.6,3.3,61.4
1616501043.546152,2936,4179,-2543,5705,-7.4,4.5,62.3
1616501043.640957,2872,4102,-2845,5759,-7.4,3.2,62.3
1616501043.739361,2788,4115,-2974,5792,-6.0,4.0,63.8
1616501043.837010,2839,4219,-3191,6004,-8.9,3.0,63.5
1616501043.930109,2886,4268,-3566,6266,-8.8,-0.3,62.7
1616501044.033412,2885,4237,-3699,6321,-7.3,4.0,64.2
1616501044.135854,2837,4180,-3799,6320,-5.6,5.1,65.7
1616501044.220655,2846,4163,-4090,6493,-6.4,5.7,61.3
1616501044.329520,2982,4177,-4232,6652,-4.8,3.7,62.6
1616501044.424680,3312,4198,-4502,6990,-5.8,4.7,61.3
1616501044.524033,3361,4197,-4619,7088,-6.5,1.4,61.3
1616501044.620098,3390,4255,-4767,7233,-7.2,0.5,57.8
1616501044.719158,3528,4311,-4900,7418,-5.6,2.6,59.1
1616501044.816369,3608,4317,-4996,7524,-6.7,1.9,56.6
1616501044.916901,3631,4267,-5027,7527,-3.4,2.8,57.9
1616501045.005272,3779,4066,-5038,7496,-5.2,1.1,54.3
1616501045.112669,3946,3985,-4953,7482,-4.0,2.4,52.1
1616501045.212773,4238,3686,-4715,7333,-4.8,4.3,50.2
1616501045.305824,4244,3655,-4571,7229,-4.5,3.7,51.8
1616501045.403297,4247,3609,-4346,7068,-6.4,2.1,47.3
1616501045.502301,4236,3543,-3957,6794,-5.2,2.0,47.4
1616501045.600093,4150,3583,-3846,6697,-6.0,2.9,49.4
1616501045.700366,4048,3565,-3650,6513,-6.1,2.0,47.8
1616501045.788294,4172,3586,-3454,6496,-3.9,5.5,47.3
1616501045.895612,4078,3472,-3349,6317,-4.1,4.9,48.4
1616501045.980609,3920,3460,-3188,6124,-4.1,2.9,48.3
1616501046.089080,3877,3340,-3031,5948,-4.5,3.5,46.7
1616501046.187509,3905,3355,-2994,5956,-4.0,3.9,48.7
1616501046.284704,3905,3347,-2808,5860,-3.4,6.1,48.2
1616501046.383236,4086,3418,-2732,5987,-2.0,6.1,46.2
1616501046.484083,4241,3443,-2714,6100,-3.2,3.5,45.8
1616501046.574716,4304,3566,-2739,6224,-3.3,6.6,44.7
1616501046.679311,4392,3568,-2630,6240,-5.1,2.2,43.7
1616501046.774615,4426,3540,-2301,6116,-1.4,-2.3,42.5
1616501046.872420,4448,3501,-2035,6015,-4.6,5.5,42.9
1616501046.969828,4552,3584,-1741,6050,0.6,6.0,43.7
1616501047.069759,4563,3650,-1215,5968,-5.3,6.5,44.2
1616501047.166429,4526,3787,-1011,5987,-4.1,0.2,45.1
1616501047.266451,4495,3880,-726,5982,-5.1,2.9,46.1
1616501047.354468,4301,4089,-235,5939,-5.2,1.1,48.4
1616501047.462681,4153,4138,100,5863,-6.6,0.1,50.4
1616501047.557404,4182,4693,437,6301,-3.4,3.6,51.9
1616501047.655234,3919,4935,551,6326,-5.9,5.4,58.0
1616501047.752592,3730,5283,605,6495,-2.8,1.6,59.9
1616501047.850941,3502,5717,465,6720,-2.6,4.6,62.0
1616501047.948769,3329,5806,369,6703,-4.0,2.5,64.0
1616501048.049843,3404,5944,186,6852,-3.4,-0.4,64.1
1616501048.138594,3240,5777,143,6625,-4.7,8.6,65.2
1616501048.233061,3178,5804,18,6617,-2.6,3.4,65.2
1616501048.379853,3017,5602,194,6366,-3.9,-4.3,67.3
1616501048.479287,2937,5599,345,6332,-4.7,8.8,65.4
1616501048.634573,3080,5753,368,6536,-2.3,6.9,65.4
1616501048.732742,2962,5890,359,6603,-2.9,8.7,66.5
1616501048.832436,3124,6110,134,6864,-3.9,2.6,67.3
1616501048.921385,3225,6337,-299,7117,-1.6,-2.0,66.3
1616501049.018888,3309,6286,-397,7115,-2.7,1.2,63.9
1616501049.119366,3666,6058,-744,7120,-3.7,1.0,63.0
1616501049.222775,3733,5995,-884,7117,-2.1,5.3,61.8
1616501049.321810,3797,5785,-851,6972,-3.9,4.8,59.7
1616501049.418649,3912,5364,-874,6696,-3.4,4.1,58.4
1616501049.516680,3989,4986,-686,6422,-0.9,1.5,51.5
1616501049.616742,4379,4727,-712,6482,-4.0,0.2,47.2
1616501049.702123,4544,3696,-188,5860,-1.3,0.3,38.4
1616501049.812635,4791,3287,79,5811,-1.3,3.5,34.5
1616501049.945765,4882,2571,984,5605,0.3,4.8,29.0
1616501050.103948,5190,2534,1827,6058,-1.2,5.1,30.4
1616501050.201997,5130,3230,2088,6412,-2.2,1.2,35.3
1616501050.300007,5049,3599,2107,6549,-1.1,8.2,40.8
1616501050.401095,4934,4012,1977,6660,-3.4,-0.4,46.5
1616501050.492695,4753,4671,1427,6815,-2.1,3.2,48.4
1616501050.596009,4728,4768,1237,6828,-2.3,5.3,49.1
1616501050.695945,4519,4800,789,6640,-1.1,3.0,50.4
1616501050.791744,4633,4863,578,6741,1.3,2.4,50.1
1616501050.929466,4696,4983,329,6854,-1.0,1.3,50.6
1616501051.082982,4893,5201,241,7145,-3.0,3.8,50.9
1616501051.182545,4897,5227,135,7164,-1.1,4.3,52.4
1616501051.271785,4648,5455,-234,7170,-1.0,5.5,54.3
1616501051.379421,4585,5495,-508,7175,-0.8,4.6,55.6
1616501051.479199,4429,5544,-1209,7198,-2.2,2.7,55.9
1616501051.572700,4526,5527,-1504,7300,-0.6,3.5,53.4
1616501051.670863,4613,5421,-1811,7345,0.7,6.4,54.8
1616501051.770036,4519,5224,-2406,7314,-2.2,2.6,54.3
1616501051.866918,4525,5082,-2618,7291,-3.9,1.5,51.5
1616501051.966950,4555,4899,-2799,7251,0.4,2.4,51.3
1616501052.055310,4738,4585,-3066,7271,-0.4,5.4,46.0
1616501052.162542,5011,4429,-3103,7372,-0.1,4.5,45.2
1616501052.263124,5168,3930,-3038,7168,-1.6,4.2,43.1
1616501052.357585,5139,3682,-2865,6941,-2.0,6.6,38.2
1616501052.455048,5129,3400,-2657,6703,-2.0,-1.2,36.8
1616501052.553107,4863,3001,-2157,6108,-1.8,6.1,37.6
1616501052.650921,4893,2950,-2015,6058,-1.3,9.8,36.5
1616501052.750666,4988,2929,-1973,6112,0.5,2.4,34.3
1616501052.839242,4954,2794,-2022,6036,1.2,4.3,33.8
1616501052.945833,4948,2708,-1951,5968,-1.1,-1.5,31.1
1616501053.046186,4880,2578,-1718,5780,-0.3,2.8,32.3
1616501053.139205,4819,2544,-1509,5654,0.7,6.9,31.5
1616501053.237335,4839,2582,-1227,5620,1.3,4.8,33.2
1616501053.335563,4783,2731,-757,5560,0.0,4.5,34.1
1616501053.432969,4570,2877,-545,5428,2.1,5.7,38.5
1616501053.533636,4395,2994,-273,5324,1.6,1.5,39.8
1616501053.622540,3923,3100,232,5005,1.1,3.0,44.8
1616501053.729623,3689,3193,410,4896,0.2,2.1,47.2
1616501053.863310,3600,3570,563,5101,1.7,2.9,50.1
1616501054.012496,3333,3811,568,5095,2.5,4.0,55.5
1616501054.157662,3068,4150,545,5190,1.8,0.8,58.7
1616501054.316892,2655,4001,750,4860,-0.4,2.4,61.5
1616501054.406382,2436,3870,983,4677,0.5,6.5,60.0
1616501054.512637,2565,3914,1010,4787,0.1,4.3,58.3
1616501054.612608,2796,3887,1045,4901,-2.0,3.2,57.4
1616501054.707084,2858,3960,1047,4994,-1.2,5.5,56.8
1616501054.805871,2970,4035,1113,5132,0.1,4.6,57.4
1616501054.901829,2863,3836,1340,4971,3.8,4.8,57.0
1616501054.999823,2999,3937,1489,5168,3.3,5.5,56.3
1616501055.100055,2916,3815,1652,5078,4.2,5.4,55.9
1616501055.192077,3009,3844,1845,5219,3.4,5.6,54.5
1616501055.295814,3190,3892,1827,5354,3.6,6.9,52.5
1616501055.391900,3355,3954,1684,5452,2.0,7.5,52.7
1616501055.480194,3327,3978,1637,5438,2.1,9.1,52.1
1616501055.587227,3355,3986,1632,5460,1.1,10.0,51.8
1616501055.685313,3323,3737,1723,5289,1.1,9.6,50.7
1616501055.784428,3263,3533,1828,5145,0.9,12.6,48.0
1616501055.884266,3141,3311,1938,4958,1.3,13.8,45.3
1616501055.975200,3019,2843,2167,4678,1.4,15.8,42.4
1616501056.079133,3036,2704,2265,4654,1.5,14.2,39.5
1616501056.169599,3115,2303,2480,4600,1.5,13.4,37.4
1616501056.273349,3099,2066,2562,4520,1.4,13.3,32.9
1616501056.370823,3030,1881,2619,4424,1.1,12.4,32.2
1616501056.469831,2861,1602,2686,4238,0.8,11.1,30.3
1616501056.569149,2802,1448,2786,4208,1.4,13.1,25.7
1616501056.671699,2765,1258,2837,4156,1.4,13.1,22.7
1616501056.755875,2655,759,3017,4090,2.6,12.8,16.5
1616501056.862438,2607,578,3044,4049,2.5,11.5,13.4
1616501056.958745,2504,245,3071,3970,1.4,10.6,10.0
1616501057.046196,2453,87,3132,3979,0.8,10.0,2.9
1616501057.195785,2381,-310,3185,3989,1.6,10.3,353.1
1616501057.291335,2276,-564,3167,3941,0.5,11.3,350.6
1616501057.388626,1957,-923,3094,3776,1.1,8.4,344.1
1616501057.543054,1715,-1311,3130,3802,0.6,7.1,328.3
1616501057.645777,1588,-1413,3089,3750,0.2,8.2,324.8
1616501057.746235,1368,-1491,2802,3456,-0.4,7.2,322.5
1616501057.841207,1277,-1501,2604,3266,-2.1,3.7,315.5
1616501057.938501,1174,-1476,2434,3079,-2.1,3.9,311.5
1616501058.036636,1040,-1450,2202,2834,-3.1,3.7,310.8
1616501058.135107,1007,-1493,2110,2774,-2.0,5.2,307.8
1616501058.234978,969,-1565,1977,2701,-3.8,5.7,306.2
1616501058.325076,890,-1634,1684,2510,-2.6,5.3,302.0
1616501058.429086,859,-1587,1587,2403,-3.3,2.6,301.2
1616501058.529575,807,-1628,1450,2325,-5.1,0.2,298.9
1616501058.624677,738,-1701,1384,2314,-4.1,2.4,294.8
1616501058.722246,656,-1778,1250,2270,-3.5,4.7,294.2
1616501058.819616,488,-1816,1005,2132,-3.0,6.9,291.6
1616501058.918089,375,-1934,928,2178,-2.8,7.3,290.8
1616501059.017792,498,-1820,603,1981,-2.8,7.9,285.4
1616501059.108656,502,-2088,226,2159,-3.9,8.4,281.7
1616501059.212542,308,-2252,114,2276,-3.0,5.7,278.8
1616501059.312957,180,-2273,-239,2293,-3.3,6.1,277.5
1616501059.407961,-32,-2506,-210,2514,-4.3,5.9,270.3
1616501059.505379,-78,-2490,-382,2520,-3.5,7.1,267.2
1616501059.604629,-530,-2622,-265,2688,-2.6,8.9,261.4
1616501059.701762,-656,-2527,-226,2620,-3.5,8.2,257.5
1616501059.802810,-661,-2383,-221,2483,-2.9,8.2,255.9
1616501059.892284,-910,-2358,148,2532,-3.2,5.1,250.8
1616501059.995728,-871,-2025,39,2205,-2.7,5.7,244.4
1616501060.095744,-1053,-1495,55,1829,-3.8,8.8,239.0
1616501060.192219,-1151,-1412,143,1827,-3.3,4.4,230.1
1616501060.288578,-1065,-1115,-70,1543,-2.3,5.6,223.0
1616501060.387160,-1039,-821,-192,1338,-3.3,5.2,221.5
1616501060.482194,-959,-826,-108,1270,-4.4,3.8,
1616501060.582711,-681,-730,-126,1006,-3.9,2.1,
1616501060.672216,-418,-727,-200,862,-3.7,1.2,
1616501060.779031,-289,-671,-144,745,-3.9,-0.5,
1616501060.873268,60,-570,150,592,-2.8,0.2,
1616501060.971472,271,-527,312,670,-4.2,4.4,
1616501061.070279,453,-494,479,824,-4.6,2.5,
1616501061.171540,860,-642,880,1388,-5.2,4.3,325.9
1616501061.270442,1139,-801,1094,1770,-1.7,5.6,326.2
1616501061.369891,1377,-1095,1229,2146,-2.8,5.7,321.1
1616501061.457087,1501,-1881,1112,2651,-2.8,1.9,302.9
1616501061.563158,1360,-2343,1015,2893,-3.4,-3.3,296.9
1616501061.662387,1121,-2844,296,3071,-2.3,2.9,295.5
1616501061.759424,959,-2992,-83,3143,-3.2,2.1,287.9
1616501061.856186,822,-3142,-294,3261,-0.6,7.4,284.2
1616501061.953988,574,-3386,-550,3478,-1.3,8.0,282.1
1616501062.052428,546,-3211,-807,3356,-3.4,3.7,281.7
1616501062.152324,477,-3059,-874,3217,-5.6,2.5,280.4
1616501062.242028,228,-3105,-651,3181,-2.9,1.5,277.4
1616501062.346106,255,-2965,-656,3047,-6.1,-1.0,281.8
1616501062.445731,525,-2645,-628,2769,-2.9,4.0,284.2
1616501062.541067,677,-2581,-494,2714,-2.6,4.0,288.2
1616501062.638712,764,-2641,-403,2778,-2.6,5.5,293.7
1616501062.731448,1268,-2335,-944,2820,-4.3,5.1,301.3
1616501062.835993,1436,-2372,-1089,2979,-2.2,1.8,305.2
1616501062.936089,1518,-2510,-1187,3164,-3.2,1.1,304.4
1616501063.025290,1867,-2730,-1748,3741,-3.9,-0.6,312.2
1616501063.130536,2126,-2622,-2019,3933,-2.1,2.2,313.9
1616501063.229327,2244,-2985,-2297,4384,-3.8,2.5,311.0
1616501063.329103,2216,-3061,-2506,4534,-2.7,4.3,313.0
1616501063.424780,2415,-2941,-2853,4756,-4.7,6.4,312.5
1616501063.521783,2495,-3000,-3166,5024,-2.0,0.7,314.3
1616501063.619386,2423,-3190,-3208,5132,-4.8,0.9,313.1
1616501063.712287,2555,-3226,-3336,5298,-2.6,3.8,314.9
1616501063.808770,2802,-3324,-3457,5554,-2.4,1.6,309.5
1616501063.913502,2538,-3514,-3313,5456,-1.0,2.9,305.2
1616501064.011271,2194,-3832,-2954,5313,-0.8,3.4,302.0
1616501064.112471,1910,-3812,-2845,5126,-2.2,6.8,293.3
1616501064.201566,1626,-3799,-2693,4932,-1.7,2.0,292.9
1616501064.304681,1180,-3807,-2205,4555,-1.4,3.1,289.6
1616501064.402728,940,-3931,-1920,4474,-2.3,2.6,280.9
1616501064.503406,566,-4029,-1737,4424,-1.9,1.3,278.5
1616501064.591863,248,-4213,-1362,4435,-1.7,2.3,274.6
1616501064.696228,131,-4270,-1232,4446,-2.1,4.7,272.8
1616501064.795643,48,-4420,-1212,4583,-2.5,3.0,273.7
1616501064.895253,136,-4440,-1214,4604,-2.4,2.5,275.9
1616501064.989843,169,-4593,-1196,4749,-3.7,1.6,275.0
1616501065.087360,68,-4812,-1194,4958,-0.6,1.7,274.3
1616501065.185570,54,-4897,-1106,5020,-2.5,5.5,272.6
1616501065.286606,-2,-4884,-1030,4991,-2.0,1.4,272.9
1616501065.375145,57,-4684,-821,4756,-0.8,4.3,275.5
1616501065.479179,191,-4375,-718,4438,-1.5,2.0,278.4
1616501065.579013,442,-3642,-762,3747,-0.2,1.4,280.6
1616501065.679076,481,-3113,-942,3288,-2.8,-0.6,286.8
1616501065.773151,603,-2630,-1175,2942,-2.0,5.1,290.1
1616501065.872251,925,-1844,-1719,2685,-0.6,5.5,296.4
1616501065.969669,1122,-1627,-2024,2829,-0.5,5.4,315.3
1616501066.062305,1387,-1445,-2288,3041,-3.2,5.9,321.7
1616501066.159018,1823,-1488,-2663,3554,-1.3,6.9,323.8
1616501066.263861,1814,-1558,-2830,3705,-0.1,0.5,324.1
1616501066.362502,1827,-1752,-3010,3933,-1.2,0.5,320.9
1616501066.462607,1738,-1865,-3100,4014,-3.1,3.6,307.1
1616501066.557260,1590,-2030,-3173,4088,-1.9,4.3,306.3
1616501066.654929,1578,-2290,-3335,4342,-3.6,2.8,308.1
1616501066.753055,1494,-2536,-3433,4522,0.5,1.0,298.3
1616501066.845658,1286,-2779,-3561,4697,-1.0,6.8,287.0
1616501066.944625,1081,-3275,-3810,5139,-1.4,4.6,285.2
1616501067.046744,968,-3549,-3876,5344,-1.1,4.3,282.1
1616501067.145713,836,-4162,-3997,5831,-0.4,0.9,284.6
1616501067.245691,971,-4379,-3938,5969,-2.8,5.1,284.2
1616501067.341174,1042,-4636,-3814,6093,-1.9,0.3,285.4
1616501067.438558,936,-5052,-3434,6180,-1.8,0.1,284.6
1616501067.536898,998,-5139,-3158,6114,-1.7,2.6,283.6
1616501067.628927,1007,-5240,-2782,6018,-1.8,3.9,282.5
1616501067.723925,965,-5339,-1931,5759,-2.9,5.8,284.7
1616501067.830809,1100,-5300,-1466,5608,-0.4,2.8,286.7
1616501067.928268,1323,-5380,-656,5578,-3.1,4.6,287.1
1616501068.029041,1302,-5399,-407,5569,-0.4,1.0,287.3
1616501068.123136,1284,-5410,-186,5563,-1.7,3.5,287.3
1616501068.221426,1267,-5468,-23,5613,-1.7,3.3,286.9
1616501068.318705,1191,-5435,50,5564,-3.5,4.4,286.8
1616501068.419803,1243,-5420,129,5562,-2.1,2.1,288.1
1616501068.508583,1393,-5265,379,5459,-2.5,3.9,288.7
1616501068.612976,1327,-5156,471,5345,-1.1,3.7,288.2
1616501068.704632,1211,-4734,572,4920,-1.9,4.1,288.6
1616501068.798855,1114,-4547,609,4721,-0.8,1.0,286.5
1616501068.906299,966,-4373,640,4524,-3.7,2.6,285.6
1616501069.005515,838,-4119,698,4261,-1.2,5.0,286.1
1616501069.102929,861,-4002,845,4180,-1.9,5.5,286.1
1616501069.202545,784,-3966,993,4163,-2.4,1.4,283.4
1616501069.291031,519,-3771,1336,4034,-1.6,4.8,281.9
1616501069.396077,408,-3672,1586,4021,-2.0,3.8,280.2
1616501069.495612,67,-3404,1932,3915,-3.1,1.1,275.6
1616501069.596640,-46,-3274,2015,3844,-3.0,2.6,274.6
1616501069.690323,-107,-3129,2074,3755,-2.2,5.6,274.0
1616501069.788301,-376,-3209,1945,3771,-1.7,6.1,270.9
1616501069.887604,-596,-3248,1845,3783,-2.2,6.5,264.6
1616501069.986467,-763,-3373,1758,3879,-0.7,3.0,261.4
1616501070.076464,-1041,-3566,1584,4038,-0.4,6.9,256.3
1616501070.181429,-1227,-3647,1564,4154,-1.6,5.6,257.0
1616501070.279284,-1285,-3542,1624,4102,-1.7,0.0,254.3
1616501070.379093,-1362,-3541,1724,4167,-0.7,3.8,251.8
1616501070.474212,-1560,-3457,1814,4204,-3.7,1.4,247.1
1616501070.573638,-1797,-3243,2149,4285,-0.8,6.9,248.9
1616501070.671138,-1887,-3253,2389,4455,-6.4,8.2,249.2
1616501070.762188,-1988,-3321,2568,4645,-6.4,1.0,245.8
1616501070.859291,-1898,-3745,2760,5024,-2.6,1.6,252.4
1616501070.965087,-1807,-3994,2823,5214,-1.3,1.4,251.6
1616501071.063634,-1893,-4517,2815,5649,-1.0,2.8,253.0
1616501071.162238,-1931,-4667,2790,5770,0.7,0.3,255.8
1616501071.257602,-1905,-4715,2803,5807,-0.6,4.8,254.6
1616501071.357252,-1997,-4782,2770,5876,-1.8,4.5,253.9
1616501071.454470,-1998,-4810,2839,5932,3.4,-0.1,252.0
1616501071.544711,-1949,-4710,2974,5901,-2.4,3.4,254.0
1616501071.641711,-2009,-4657,3356,6082,2.3,2.9,251.6
1616501071.747758,-2156,-4555,3550,6164,-1.9,6.4,251.1
1616501071.846138,-2374,-4209,3934,6231,-0.6,3.0,247.0
1616501071.945466,-2532,-4028,4059,6254,-0.5,1.5,241.7
1616501072.040405,-2729,-3896,4106,6284,0.7,3.9,238.7
1616501072.138335,-2844,-3452,4005,6004,0.6,5.1,238.1
1616501072.237566,-2791,-3217,3827,5726,1.3,1.2,233.2
1616501072.329464,-2796,-3081,3552,5471,-1.0,0.2,230.3
1616501072.426208,-2904,-2867,2905,5009,-2.2,2.0,232.3
1616501072.531672,-2855,-2872,2573,4798,-3.8,2.5,231.0
1616501072.629940,-2855,-2992,1842,4527,-2.0,3.9,232.2
1616501072.728948,-2800,-3148,1473,4463,-1.7,5.9,235.5
1616501072.824575,-2699,-3366,1153,4466,-1.2,2.6,237.7
1616501072.921068,-2405,-3554,491,4319,0.7,1.9,240.1
1616501073.019657,-2227,-3595,94,4230,1.9,5.6,243.1
1616501073.120215,-2117,-3563,-381,4162,0.6,1.9,244.2
1616501073.209692,-1688,-3246,-1131,3829,2.0,1.5,248.0
1616501073.315114,-1465,-3153,-1467,3774,1.5,4.0,247.8
1616501073.413793,-1249,-2845,-1952,3669,-0.4,4.8,247.6
1616501073.512216,-1068,-2772,-2121,3650,1.3,6.3,250.1
1616501073.607418,-913,-2653,-2323,3643,0.5,6.0,252.7
1616501073.706769,-891,-2763,-2220,3655,1.1,7.8,251.3
1616501073.805385,-1021,-2884,-2218,3779,1.9,12.2,246.6
1616501073.895937,-1133,-2895,-2236,3829,2.5,15.4,243.3
1616501073.993380,-1241,-2897,-2144,3812,3.7,16.1,243.6
1616501074.099469,-1277,-2865,-2175,3817,1.7,7.5,244.5
1616501074.197162,-1349,-2817,-2113,3771,-0.5,6.1,244.7
1616501074.295528,-1331,-2728,-2111,3697,-0.8,3.8,243.1
1616501074.387741,-1260,-2558,-2072,3525,-1.5,12.3,241.3
1616501074.490868,-1111,-2456,-1792,3237,-0.2,10.5,243.8
1616501074.589992,-1048,-2496,-1646,3168,0.8,8.8,248.1
1616501074.678899,-1026,-2554,-1487,3128,0.2,11.5,248.3
1616501074.776188,-1149,-2812,-996,3197,2.0,8.3,250.1
1616501074.881964,-1196,-2909,-679,3218,0.1,10.7,251.3
1616501074.978895,-1407,-3358,68,3641,2.9,11.7,252.3
1616501075.078852,-1503,-3438,443,3778,5.3,16.1,253.2
1616501075.174659,-1634,-3543,839,3991,4.3,14.2,252.7
1616501075.273714,-1951,-3666,1535,4427,3.6,11.0,250.1
1616501075.370787,-2107,-3652,1881,4617,3.0,7.8,245.9
1616501075.471646,-2187,-3592,2170,4732,3.3,8.2,244.8
1616501075.559502,-2452,-3541,2573,5017,7.0,4.8,238.8
1616501075.664986,-2650,-3394,2653,5058,4.5,9.0,235.7
1616501075.763078,-3026,-3163,2930,5267,5.2,7.1,231.9
1616501075.862162,-3149,-3041,3057,5339,2.9,7.9,228.3
1616501075.962720,-3229,-2857,3149,5339,1.7,6.9,227.4
1616501076.056774,-3535,-2700,3388,5591,0.6,6.4,224.4
1616501076.155132,-3749,-2618,3536,5780,2.2,7.5,220.7
1616501076.247263,-3980,-2525,3685,5983,-1.0,5.3,216.6
1616501076.343068,-4419,-2431,4052,6470,-0.9,6.7,214.2
1616501076.449377,-4601,-2265,4207,6633,-1.1,7.7,210.1
1616501076.547241,-4828,-1959,4454,6854,-0.8,8.0,209.9
1616501076.645465,-4902,-1861,4537,6934,-1.0,7.8,204.2
1616501076.745597,-4991,-1658,4547,6952,-0.3,4.9,203.5
1616501076.840257,-5201,-1165,4574,7023,-1.7,4.6,199.1
1616501076.937679,-5356,-899,4625,7133,-2.6,3.0,193.2
1616501077.037967,-5463,-629,4669,7214,-2.7,3.7,190.5
1616501077.126241,-5731,-218,4756,7450,-3.7,2.8,186.9
1616501077.230920,-5883,-25,4788,7585,-3.0,4.2,184.8
1616501077.329292,-6201,291,4781,7835,-3.1,5.5,183.5
1616501077.428797,-6348,499,4734,7934,-3.0,4.2,180.9
1616501077.524030,-6537,650,4773,8120,-3.7,4.4,180.7
1616501077.623489,-6686,1006,4669,8217,-5.3,5.1,178.8
1616501077.721146,-6643,1148,4608,8166,-5.7,6.0,174.4
1616501077.821484,-6549,1422,4476,8058,-5.0,5.3,174.3
1616501077.908322,-6540,1782,4183,7965,-4.6,3.0,170.7
1616501078.016298,-6627,1853,4067,7993,-4.8,2.3,168.0
1616501078.113101,-6690,2211,3804,8007,-5.3,2.1,168.2
1616501078.212152,-6527,2483,3543,7831,-6.1,3.2,165.7
1616501078.312183,-6571,2476,3420,7811,-5.8,2.9,162.8
1616501078.407590,-6547,2813,2994,7729,-5.4,-0.1,163.0
1616501078.505254,-6590,2834,2839,7715,-5.8,2.5,161.6
1616501078.604238,-6524,2922,2651,7624,-5.8,3.1,160.4
1616501078.690127,-6422,3179,2344,7539,-6.9,2.8,158.1
1616501078.798390,-6364,3213,2236,7472,-5.2,5.2,157.7
1616501078.896571,-6503,3417,1926,7594,-6.7,5.7,157.1
1616501078.995440,-6541,3515,1831,7648,-8.0,2.4,155.6
1616501079.095549,-6518,3600,1722,7643,-7.1,3.3,155.9
1616501079.190274,-6688,3688,1539,7790,-6.0,6.0,155.5
1616501079.288772,-6684,3688,1461,7772,-5.6,5.9,154.7
1616501079.388883,-6619,3742,1411,7733,-5.6,3.8,154.6
1616501079.475987,-6574,3779,1379,7707,-7.3,1.5,155.9
1616501079.581789,-6636,3679,1348,7706,-5.7,2.9,156.2
1616501079.680115,-6849,3567,1267,7825,-7.4,3.8,157.3
1616501079.778717,-6916,3444,1296,7834,-5.1,6.3,159.3
1616501079.879258,-6970,3309,1296,7824,-5.7,7.8,160.4
1616501079.973574,-7086,2982,1395,7813,-5.6,5.7,161.7
1616501080.071098,-7038,2947,1500,7776,-6.3,0.3,163.3
1616501080.170980,-7019,2775,1621,7720,-4.2,0.9,165.1
1616501080.261252,-7342,2637,1660,7976,-5.3,1.5,165.4
1616501080.365118,-7390,2638,1648,8018,-6.4,4.2,165.8
1616501080.464081,-7654,2526,1332,8169,-3.9,-0.6,166.4
1616501080.561039,-7710,2465,1105,8170,-4.2,6.9,166.4
1616501080.662311,-7657,2448,908,8090,-6.2,10.4,167.5
1616501080.757266,-7771,2086,617,8070,-4.9,4.9,169.3
1616501080.854352,-7853,1967,383,8105,-6.0,-4.1,171.9
1616501080.954873,-7914,1716,309,8104,-3.0,0.3,174.4
1616501081.045535,-8150,1157,273,8236,-3.6,4.6,177.6
1616501081.147715,-8138,909,251,8192,-2.2,5.7,178.8
1616501081.240069,-7796,580,434,7830,-4.7,-0.9,180.0
1616501081.345406,-7752,427,497,7780,-0.3,9.1,182.8
1616501081.441003,-7724,199,653,7754,-3.2,2.1,185.2
1616501081.540773,-7692,-286,1163,7785,0.1,-1.6,186.1
1616501081.638198,-7521,-328,1266,7634,-3.2,5.4,186.2
1616501081.737927,-7323,-285,1503,7481,0.1,2.8,186.0
1616501081.826033,-7162,-381,2138,7484,-4.6,8.3,186.5
1616501081.932827,-7210,-319,2386,7601,0.2,3.9,185.5
1616501082.024023,-7194,-202,2869,7748,-3.4,-1.6,186.9
1616501082.128733,-7214,-170,3002,7816,0.4,4.7,185.6
1616501082.228722,-7113,-130,3163,7786,-1.1,-0.2,184.3
1616501082.323580,-6839,84,3605,7731,-2.0,6.0,184.3
1616501082.421014,-6843,164,3757,7808,-2.1,4.4,181.8
1616501082.521462,-6867,328,3850,7879,-1.1,0.2,181.2
1616501082.609926,-7025,458,3979,8087,-3.0,3.4,182.0
1616501082.715017,-7114,417,3908,8127,-2.5,6.1,182.5
1616501082.812705,-7217,447,3990,8259,-0.2,4.0,180.5
1616501082.912016,-7380,360,4049,8425,-1.7,1.7,181.6
1616501083.012577,-7611,384,4080,8644,-1.2,-0.9,180.8
1616501083.107137,-8042,627,4168,9080,-1.8,2.0,180.4
1616501083.204040,-8254,821,4138,9270,3.2,6.5,177.4
1616501083.305267,-8340,1107,4002,9316,-2.9,6.4,174.7
1616501083.392453,-8066,1965,3622,9058,1.7,3.4,169.7
1616501083.499316,-7863,2202,3310,8811,-3.5,6.6,166.1
1616501083.597930,-7610,2585,2603,8448,-0.8,-1.0,165.6
1616501083.695426,-7498,2533,2347,8255,-4.9,-1.1,164.9
1616501083.795484,-7407,2392,2109,8064,3.8,5.6,167.5
1616501083.890643,-7235,1989,1926,7747,-4.4,4.9,169.4
1616501083.987407,-7139,1801,1957,7618,1.9,2.3,172.1
1616501084.089229,-7086,1633,1917,7520,-4.6,6.0,171.3
1616501084.177301,-7182,1567,1711,7547,-2.4,1.7,172.0
1616501084.282393,-7179,1551,1545,7505,-2.0,5.4,171.6
1616501084.380033,-7191,1458,1105,7420,0.0,0.2,172.6
1616501084.478558,-7121,1480,918,7330,-4.2,13.2,172.6
1616501084.578851,-7050,1455,784,7241,-1.2,-0.3,173.1
1616501084.673324,-7278,1315,432,7408,-0.8,-0.8,173.8
1616501084.771356,-7438,1268,327,7552,-3.3,4.0,175.2
1616501084.871203,-7568,1169,239,7661,-1.2,6.9,176.1
1616501084.957170,-8011,959,131,8069,-0.3,7.1,178.0
1616501085.065951,-8157,869,185,8205,-2.9,1.5,178.6
1616501085.166406,-8575,644,390,8608,-0.4,8.2,179.7
1616501085.261955,-8914,561,498,8946,-3.0,-0.9,180.0
1616501085.362120,-9131,631,538,9169,1.0,-0.3,179.3
1616501085.455911,-9440,1028,548,9512,0.7,1.1,177.8
1616501085.554388,-9455,1222,460,9545,-1.4,7.3,175.1
1616501085.655117,-9251,1440,361,9369,-0.4,8.0,173.4
1616501085.743602,-8715,1682,292,8881,0.2,2.4,173.3
1616501085.847725,-8503,1619,220,8659,1.6,2.4,173.6
1616501085.941312,-8079,1410,210,8204,-1.2,4.3,174.1
1616501086.034516,-7929,1153,362,8021,4.0,4.3,177.8
1616501086.131578,-7808,843,538,7872,0.2,9.2,180.5
1616501086.278212,-7553,246,1040,7628,2.1,4.3,182.0
1616501086.437522,-7016,70,1464,7167,0.6,1.2,184.8
1616501086.528819,-6850,-7,1774,7076,-0.7,2.5,184.0
1616501086.631972,-6762,20,1959,7040,-0.6,4.8,183.7
1616501086.729445,-6711,30,2321,7101,-0.1,7.8,183.7
1616501086.828066,-6774,-39,2539,7234,-0.4,8.2,186.4
1616501086.928689,-6752,-137,2729,7284,-3.1,4.3,184.5
1616501087.023333,-6513,22,2927,7141,-0.7,5.0,184.3
1616501087.120422,-6377,51,2946,7024,-0.9,0.7,184.6
1616501087.221686,-6341,54,2880,6965,-2.5,-1.0,183.4
1616501087.310175,-6357,44,2826,6956,1.4,2.0,184.8
1616501087.415722,-6398,-11,2858,7007,-1.6,3.8,184.8
1616501087.514934,-6657,-304,3026,7319,-0.5,5.9,187.0
1616501087.612314,-6824,-441,3238,7566,-1.6,5.6,188.7
1616501087.712299,-6934,-486,3476,7772,-0.8,1.3,188.2
1616501087.807250,-7237,-557,3888,8234,-0.4,2.9,188.7
1616501087.905470,-7432,-453,4061,8481,-0.4,4.4,186.1
1616501088.006669,-7539,-257,4140,8604,-0.1,4.3,183.7
1616501088.094261,-7549,296,4281,8683,-0.1,1.6,180.2
1616501088.199628,-7568,577,4325,8736,-1.2,0.2,177.1
1616501088.290830,-7392,1198,4179,8576,-1.0,1.3,175.2
1616501088.395695,-7221,1548,4142,8467,0.8,2.9,167.6
1616501088.495280,-7063,1840,4099,8370,1.9,1.9,166.6
1616501088.591718,-6804,2130,4002,8176,1.6,4.7,164.9
1616501088.687916,-6819,2184,4037,8220,1.6,3.7,165.0
1616501088.789955,-6842,2267,4028,8256,-0.1,2.7,163.7
1616501088.877665,-6816,2363,4076,8286,0.3,3.6,163.1
1616501088.983237,-6794,2432,4079,8289,0.8,5.1,161.2
1616501089.073390,-6717,2653,3820,8170,0.7,2.5,161.6
1616501089.179104,-6656,2721,3726,8098,-0.7,3.7,159.5
1616501089.278517,-6556,2850,3559,7986,1.9,1.6,158.3
1616501089.373450,-6375,3052,3254,7780,0.7,4.1,157.3
1616501089.471549,-6328,3032,3166,7698,1.1,5.7,156.4
1616501089.567544,-6298,3043,2984,7604,1.6,2.5,157.4
1616501089.661339,-6354,3029,2704,7541,3.4,4.6,157.1
1616501089.765743,-6343,2959,2622,7474,3.6,2.9,158.1
1616501089.864026,-6386,2766,2464,7383,4.8,2.4,158.8
1616501089.961958,-6461,2623,2472,7398,5.1,0.7,161.4
1616501090.053651,-6580,2447,2444,7434,6.5,2.6,162.5
1616501090.158466,-6685,2193,2283,7397,7.4,3.8,163.4
1616501090.255000,-6662,2080,2250,7332,9.0,4.7,164.0
1616501090.355269,-6643,2037,2162,7276,9.0,4.4,164.6
1616501090.444500,-6608,1975,2072,7201,9.6,2.8,165.5
1616501090.549383,-6574,1877,2072,7144,9.2,2.1,165.8
1616501090.645416,-6521,1879,1938,7058,6.1,2.5,166.2
1616501090.745450,-6509,1860,1991,7056,3.4,3.0,167.4
1616501090.845225,-6499,1779,1976,7022,3.8,2.9,167.5
1616501090.945363,-6471,1754,1904,6970,3.4,2.5,167.7
1616501091.040956,-6444,1731,1932,6947,4.0,4.2,167.7
1616501091.139731,-6452,1708,1898,6939,4.4,3.6,168.4
1616501091.228732,-6428,1723,1832,6902,4.6,1.9,167.7
1616501091.332882,-6368,1729,1835,6848,3.4,3.8,167.2
1616501091.431153,-6308,1868,1675,6789,0.1,3.0,167.2
1616501091.529194,-6300,1895,1728,6802,-3.6,3.0,168.0
1616501091.628555,-6224,1902,1686,6722,-5.0,3.3,167.1
1616501091.728677,-6210,1960,1567,6698,-0.6,3.3,166.3
1616501091.822696,-6206,1983,1663,6724,-1.9,3.2,167.3
1616501091.923193,-6255,1910,1670,6750,-2.3,3.4,167.1
1616501092.013924,-6259,1910,1609,6739,-1.1,3.2,166.8
1616501092.116755,-6207,1933,1661,6710,-1.3,3.1,167.2
1616501092.215995,-6234,1956,1573,6720,-2.0,3.2,166.8
1616501092.312644,-6247,1937,1662,6748,-1.5,3.3,167.3
1616501092.411862,-6232,1882,1669,6721,-1.7,3.2,167.0
1616501092.511708,-6250,1957,1585,6738,-2.0,3.2,166.8
1616501092.607126,-6230,1968,1664,6742,-1.7,3.2,167.1
1616501092.712258,-6247,1921,1671,6746,-1.6,3.3,167.3
1616501092.790191,-6272,1864,1637,6745,-1.9,3.2,167.7
1616501092.900430,-6257,1848,1725,6748,-1.8,3.3,168.0
1616501092.998728,-6350,1787,1684,6808,-1.9,3.2,168.5
1616501093.096165,-6392,1730,1777,6856,-1.7,3.3,169.8
1616501093.195171,-6409,1656,1878,6881,-2.0,3.3,169.9
1616501093.295237,-6449,1696,1828,6914,-1.9,3.3,169.5
1616501093.390045,-6481,1696,1898,6962,-1.8,3.3,169.5
1616501093.489955,-6421,1695,1868,6899,-1.9,3.3,169.5
1616501093.578608,-6366,1760,1738,6830,-2.0,3.3,168.2
1616501093.684145,-6338,1814,1812,6837,-1.7,3.3,168.1
1616501093.781918,-6321,1822,1669,6787,-2.0,3.4,168.1
1616501093.879639,-6296,1864,1670,6775,-1.9,3.5,167.3
1616501093.978489,-6236,1886,1703,6734,-1.8,3.5,167.1
1616501094.078630,-6227,1944,1573,6710,-1.8,3.4,166.8
1616501094.173940,-6239,1948,1639,6738,-2.0,3.5,167.6
1616501094.274025,-6244,1867,1702,6736,-1.9,3.5,167.6
1616501094.363059,-6321,1803,1681,6784,-1.8,3.5,168.9
1616501094.467853,-6367,1756,1824,6852,-2.0,3.3,169.6
1616501094.565704,-6453,1677,1773,6899,-1.7,3.3,169.7
1616501094.655426,-6445,1688,1831,6909,-1.9,3.2,169.0
1616501094.762323,-6451,1762,1892,6950,-2.1,3.7,168.8
1616501094.861934,-6372,1866,1655,6843,-1.9,3.3,167.9
1616501094.955991,-6289,2050,1577,6800,-2.4,2.9,165.0
1616501095.057214,-6183,2157,1517,6722,-1.9,3.2,163.6
1616501095.145247,-6070,2352,1286,6636,-2.0,3.5,162.9
1616501095.250856,-6098,2361,1366,6680,-1.5,3.2,164.2
1616501095.348699,-6230,2127,1471,6745,-2.2,3.0,165.4
1616501095.446826,-6205,2204,1469,6747,-1.2,2.9,163.4
1616501095.545183,-6118,2322,1455,6704,-1.8,2.9,162.2
1616501095.645460,-5959,2417,1150,6533,-1.6,3.2,161.9
1616501095.740561,-5939,2428,1154,6519,-1.8,4.1,162.5
1616501095.840918,-5970,2320,1340,6544,-0.3,4.3,164.9
1616501095.928762,-6252,1879,1578,6716,0.9,4.5,169.0
1616501096.034279,-6461,1661,1859,6925,0.8,4.0,169.4
1616501096.131437,-6416,1715,1777,6874,0.6,3.3,168.6
1616501096.229389,-6381,1819,1707,6851,1.3,4.4,165.4
1616501096.328502,-6289,2038,1680,6821,0.8,3.0,165.0
1616501096.429018,-6247,2132,1545,6779,-1.2,3.3,165.2
1616501096.523832,-6197,2220,1532,6759,-0.3,4.3,163.7
1616501096.624211,-6192,2266,1603,6786,-0.8,3.2,163.2
1616501096.711882,-6251,2314,1553,6844,-0.8,2.0,164.2
1616501096.817072,-6308,2264,1664,6905,-0.8,3.2,165.0
1616501096.916656,-6407,2196,1774,7001,-0.9,2.7,165.1
1616501097.012777,-6502,2221,1822,7108,-0.9,3.3,165.2
1616501097.110855,-6542,2218,1918,7169,-0.7,3.1,164.6
1616501097.211550,-6537,2307,1876,7182,0.4,3.7,164.1
1616501097.307316,-6515,2376,1882,7186,0.1,3.3,162.9
1616501097.406430,-6462,2449,1925,7174,0.1,3.4,162.5
1616501097.495634,-6464,2565,1850,7196,-0.2,3.7,161.6
1616501097.600061,-6467,2609,1872,7220,0.1,3.2,160.8
1616501097.699492,-6396,2762,1881,7216,-0.2,3.4,160.3
1616501097.796172,-6406,2864,1865,7261,0.0,3.4,159.0
1616501097.896375,-6409,2926,1908,7299,-0.2,3.6,158.9
1616501097.995124,-6367,2998,1972,7309,-0.1,3.3,158.3
1616501098.089982,-6406,3053,2024,7379,-0.1,3.3,158.2
1616501098.190352,-6443,3049,2165,7450,-0.2,3.2,158.6
1616501098.278867,-6547,3043,2282,7572,-0.3,3.5,158.7
1616501098.384377,-6564,3059,2379,7623,-0.8,3.5,158.7
1616501098.478851,-6578,3145,2548,7724,-0.4,3.5,158.0
1616501098.580304,-6548,3241,2518,7728,-0.8,3.2,156.8
1616501098.678599,-6543,3326,2565,7775,-0.9,2.9,156.4
1616501098.778538,-6416,3483,2557,7735,-1.3,3.0,155.4
1616501098.873669,-6390,3583,2547,7756,-1.1,3.0,154.0
1616501098.974408,-6377,3657,2595,7796,-1.2,2.4,153.7
1616501099.062224,-6270,3787,2551,7756,-2.4,2.5,152.0
1616501099.167797,-6224,3861,2571,7762,-1.3,2.9,151.7
1616501099.266191,-6179,3953,2701,7817,-2.0,3.9,151.1
1616501099.363174,-6179,4003,2703,7843,-1.2,2.8,150.9
1616501099.461464,-6159,4003,2789,7857,-1.9,2.5,151.3
1616501099.561761,-6216,3993,2980,7966,-1.9,2.4,151.4
1616501099.657290,-6276,3990,3059,8042,-2.5,2.8,151.4
1616501099.756078,-6337,3987,3180,8134,-0.8,3.5,151.9
1616501099.845220,-6376,4033,3270,8223,-1.2,2.8,150.6
1616501099.950811,-6367,4088,3276,8245,-0.4,3.0,150.5
1616501100.043194,-6354,4142,3339,8287,-0.7,3.6,150.2
1616501100.147514,-6309,4203,3274,8258,-0.7,3.6,149.4
1616501100.245253,-6292,4226,3316,8273,-1.0,3.3,148.7
1616501100.345049,-6195,4310,3342,8254,-0.5,3.6,148.4
1616501100.439898,-6194,4337,3343,8267,-0.6,3.1,148.3
1616501100.540451,-6187,4352,3392,8290,-0.7,2.7,148.7
1616501100.629387,-6179,4321,3506,8315,-0.4,3.2,149.2
1616501100.734656,-6240,4307,3569,8380,-1.6,2.8,150.0
1616501100.828376,-6524,4032,3907,8607,-1.0,2.6,152.0
1616501100.930550,-6550,4040,3964,8657,-2.0,1.9,151.8
1616501101.029095,-6549,4094,3959,8679,-1.6,2.8,152.3
1616501101.128738,-6634,4045,4087,8779,-2.4,3.4,152.7
1616501101.228422,-6641,4080,4063,8790,-1.6,3.5,152.1
1616501101.324378,-6648,4123,4037,8803,-2.1,3.4,152.1
1616501101.412688,-6564,4137,4035,8745,-1.5,2.9,151.1
1616501101.518039,-6510,4225,3976,8720,-2.5,3.5,150.2
1616501101.616690,-6501,4315,4007,8771,-1.3,3.7,149.9
1616501101.714051,-6468,4368,3942,8744,-1.9,3.2,149.0
1616501101.812487,-6470,4464,3921,8784,-1.3,2.0,149.3
1616501101.911683,-6564,4551,3950,8911,-2.4,1.5,149.8
1616501102.013068,-6615,4545,3895,8921,-3.9,2.4,150.6
1616501102.111812,-6709,4522,3929,8994,-3.1,2.4,151.3
1616501102.196582,-6899,4392,4052,9127,-3.8,2.7,152.8
1616501102.300933,-7013,4308,4084,9188,-2.0,2.3,153.6
1616501102.399566,-7216,4210,4209,9354,-3.4,2.6,154.6
1616501102.497215,-7210,4230,4152,9334,-2.4,2.4,154.7
1616501102.595107,-7246,4235,4121,9350,-3.7,2.7,153.8
1616501102.695026,-7305,4290,4058,9393,-2.4,3.5,153.6
1616501102.790566,-7269,4301,3978,9336,-1.8,3.9,153.0
1616501102.895075,-7305,4298,3938,9346,-1.1,3.7,153.5
1616501102.979406,-7359,4345,3865,9379,-1.3,3.6,153.8
1616501103.084758,-7382,4337,3804,9369,-2.2,2.6,154.1
1616501103.184198,-7494,4336,3765,9441,-2.6,3.5,154.1
1616501103.281315,-7535,4298,3765,9456,-3.9,4.0,155.1
1616501103.378543,-7585,4225,3738,9453,-2.5,3.7,156.0
1616501103.478352,-7743,4103,3837,9566,-3.3,2.1,156.9
1616501103.579878,-7777,4022,3869,9572,-2.6,1.4,158.5
1616501103.678874,-7803,3929,3860,9551,-3.7,1.6,158.7
1616501103.763232,-7897,3881,3918,9632,-3.3,2.5,158.7
1616501103.868472,-7895,3893,3870,9616,-3.6,2.0,158.3
1616501103.961646,-7873,4003,3700,9576,-3.5,1.8,158.1
1616501104.064117,-7782,4134,3567,9506,-3.3,1.6,154.7
1616501104.162529,-7693,4291,3373,9433,-1.2,3.8,153.8
1616501104.262272,-7624,4537,3115,9403,-1.5,4.3,152.8
1616501104.361666,-7534,4606,2972,9317,-0.7,5.0,151.6
1616501104.461772,-7492,4652,2869,9274,-1.6,4.3,152.1
1616501104.546124,-7554,4436,3037,9272,-1.4,4.6,156.2
1616501104.652154,-7782,4080,3202,9352,-1.7,3.9,155.7
1616501104.751499,-7755,4153,3104,9329,-0.2,2.5,155.4
1616501104.847526,-7729,4280,3039,9343,-0.2,2.0,154.7
1616501104.945600,-7649,4252,3007,9254,-0.4,3.7,154.6
1616501105.045118,-7647,4349,2919,9269,-1.1,4.4,153.8
1616501105.145998,-7504,4447,2846,9175,-0.2,2.5,152.8
1616501105.245121,-7472,4465,2817,9149,-0.6,2.3,152.0
1616501105.329503,-7352,4708,2654,9125,-0.8,1.7,150.1
1616501105.435231,-7217,4806,2550,9038,-0.2,2.0,149.2
1616501105.533725,-7087,5068,2340,9021,-1.0,2.5,148.2
1616501105.631111,-7013,5195,2234,9009,-0.6,2.8,146.2
1616501105.728922,-6906,5309,2142,8970,-0.8,2.5,145.3
1616501105.828632,-6745,5531,1977,8944,-0.7,1.8,144.5
1616501105.928768,-6627,5649,1891,8911,-1.5,1.7,142.5
1616501106.028740,-6519,5761,1840,8892,-1.3,2.3,141.8
1616501106.113167,-6447,5983,1802,8978,-1.1,1.9,140.7
1616501106.219060,-6430,6041,1799,9004,-1.3,2.9,139.8
1616501106.317965,-6367,6199,1829,9073,-0.5,1.7,139.6
1616501106.415280,-6333,6295,1851,9119,-0.4,3.2,138.2
1616501106.512528,-6260,6356,1844,9110,-0.1,3.0,137.4
1616501106.611619,-6095,6578,1791,9145,-1.1,2.3,136.6
1616501106.712115,-5952,6723,1706,9140,-0.8,1.7,134.3
1616501106.811777,-5833,6845,1642,9142,-1.4,2.4,132.8
1616501106.896521,-5556,7162,1486,9185,-2.4,2.0,130.9
1616501107.001850,-5405,7277,1417,9175,-3.8,0.7,129.8
1616501107.100750,-5174,7590,1279,9274,-3.8,0.7,128.5
1616501107.198194,-5076,7708,1239,9312,-3.9,0.7,126.6
1616501107.295856,-4966,7799,1183,9321,-3.7,0.8,125.8
1616501107.394907,-4817,8026,1081,9422,-2.2,1.5,124.9
1616501107.495427,-4719,8094,1040,9427,-1.7,2.0,123.6
1616501107.595055,-4655,8116,1055,9415,-1.0,1.8,123.5
1616501107.681445,-4587,8092,1132,9370,-1.0,1.9,123.5
1616501107.785661,-4557,8029,1203,9310,-1.7,2.4,122.9
1616501107.883252,-4396,8239,1149,9408,-1.7,1.7,122.0
1616501107.981265,-4322,8355,1090,9470,-1.1,1.5,120.4
1616501108.079563,-4205,8469,1005,9509,-0.8,0.1,119.8
1616501108.178222,-4070,8757,831,9692,-0.8,-0.4,119.0
1616501108.278341,-3947,8895,713,9757,-1.3,0.8,117.2
1616501108.378396,-3868,9005,625,9820,-1.8,0.7,116.4
1616501108.461491,-3675,9258,428,9970,-3.7,0.6,
1616501108.571439,-3642,9272,387,9969,-2.6,-0.3,117.3
1616501108.663840,-3817,9079,370,9856,-4.1,-0.2,116.9
1616501108.761869,-3831,9230,357,10000,-3.2,1.0,
1616501108.862181,-3591,9457,266,10119,-3.2,1.7,
1616501108.961615,-3713,9334,301,10050,-1.6,1.0,
1616501109.061624,-3677,9375,276,10074,-2.5,1.9,
1616501109.156366,-3616,9347,250,10025,-1.5,2.9,
1616501109.256782,-3544,9414,213,10061,-2.0,4.3,
1616501109.351987,-3502,9452,175,10081,-1.2,2.5,
1616501109.450313,-3403,9518,104,10109,-3.3,2.0,
1616501109.547096,-3371,9561,57,10138,-2.9,1.7,
1616501109.645415,-3345,9602,21,10168,-5.6,2.1,
1616501109.744895,-3307,9674,-30,10224,-4.9,3.1,
1616501109.836607,-3301,9691,-41,10238,-6.1,2.6,
1616501109.939857,-3293,9704,-47,10248,-5.3,2.0,
1616501110.037710,-3292,9699,-46,10243,-3.2,2.4,
1616501110.134937,-3288,9715,-61,10257,-3.3,2.8,
1616501110.233911,-3298,9728,-57,10272,-3.0,3.2,
1616501110.331056,-3291,9725,-61,10267,-2.8,3.4,
1616501110.429601,-3282,9730,-69,10269,-2.3,3.0,
1616501110.528201,-3297,9725,-54,10269,-2.6,2.8,
1616501110.628386,-3297,9716,-48,10260,-3.0,3.2,
1616501110.723139,-3296,9728,-57,10271,-3.0,3.5,
1616501110.821406,-3296,9753,-63,10295,-5.3,3.7,
1616501110.918509,-3288,9772,-79,10311,-5.6,3.7,
1616501111.017382,-3307,9791,-94,10335,-7.6,3.9,
1616501111.115066,-3312,9808,-100,10353,-7.0,4.1,
1616501111.213733,-3307,9818,-117,10361,-7.4,4.2,
1616501111.311034,-3323,9821,-107,10369,-9.3,4.5,
1616501111.411547,-3321,9825,-114,10372,-3.4,3.3,
1616501111.506361,-3313,9833,-125,10377,0.5,2.9,
1616501111.598177,-3266,9946,-206,10471,-3.1,3.4,
1616501111.702729,-3264,9908,-185,10433,-5.2,3.7,
1616501111.802766,-3314,9823,-118,10368,-0.3,3.8,
1616501111.898693,-3337,9834,-108,10385,-2.8,3.8,
1616501111.996212,-3309,9859,-146,10401,-3.0,3.2,
1616501112.094121,-3353,9843,-70,10399,-1.5,3.6,
1616501112.195412,-3349,9818,-55,10374,-2.2,3.8,
1616501112.289848,-3346,9805,-52,10360,-2.8,3.5,
1616501112.389666,-3336,9837,-81,10388,-1.6,3.4,
1616501112.486199,-3337,9844,-87,10395,-2.2,3.7,
1616501112.584322,-3331,9902,-126,10448,-1.3,3.1,
1616501112.682221,-3333,9909,-112,10455,-3.0,3.8,
1616501112.780339,-3312,9924,-140,10463,-2.5,2.9,
1616501112.878025,-3315,9951,-143,10490,-3.0,3.4,
1616501112.978171,-3310,9958,-151,10495,-1.9,3.5,
1616501113.073665,-3308,9932,-142,10469,-2.8,3.5,
1616501113.173023,-3330,9898,-114,10444,-3.8,3.5,
1616501113.268716,-3326,9876,-99,10421,-5.2,3.7,
1616501113.367634,-3319,9844,-98,10389,-6.3,3.5,
1616501113.465846,-3341,9819,-76,10372,-7.1,3.5,
1616501113.563413,-3358,9802,-67,10361,-7.1,3.5,
1616501113.661517,-3364,9784,-68,10346,-4.2,3.0,
1616501113.761595,-3370,9764,-56,10329,-3.9,2.6,
1616501113.856824,-3393,9738,-26,10312,-5.6,3.2,
1616501113.954056,-3407,9709,-28,10289,-4.3,3.3,
1616501114.052839,-3429,9698,-11,10286,-4.8,3.3,
1616501114.150753,-3451,9665,-15,10263,-5.3,3.4,
1616501114.247846,-3478,9653,3,10260,-4.6,3.5,
1616501114.345735,-3507,9628,20,10247,-5.2,3.4,
1616501114.442346,-3520,9596,27,10221,-4.8,3.4,
1616501114.544956,-3539,9584,37,10217,-5.4,3.2,
1616501114.639681,-3571,9553,66,10199,-6.4,3.2,
1616501114.730714,-3594,9521,76,10177,-7.6,3.0,
1616501114.836467,-3600,9514,84,10173,-6.2,2.9,
1616501114.927307,-3660,9407,160,10095,-6.4,4.3,
1616501115.032435,-3698,9362,211,10068,-6.8,4.3,
1616501115.129954,-3712,9339,227,10052,-5.8,4.2,
1616501115.227851,-3773,9202,327,9951,-6.9,4.4,
1616501115.328527,-3809,9119,391,9890,-6.6,2.9,116.6
1616501115.428122,-3809,9052,440,9831,-5.9,2.7,116.7
1616501115.514324,-3754,8982,567,9751,-5.6,1.4,117.1
1616501115.619808,-3841,8844,763,9672,-5.1,5.1,116.9
1616501115.719306,-3661,8849,792,9609,-5.4,5.7,115.7
1616501115.815418,-3597,8870,866,9611,-5.1,5.3,115.6
1616501115.912841,-3612,8770,986,9536,-4.2,5.5,116.0
1616501116.011503,-3748,8579,1230,9442,-4.7,6.0,116.6
1616501116.111616,-3782,8522,1377,9425,-3.6,5.3,117.2
1616501116.211500,-3790,8476,1418,9392,-3.9,7.6,116.0
1616501116.297012,-3623,8705,1451,9540,-3.3,10.5,114.4
1616501116.403519,-3631,8686,1582,9546,-3.6,9.3,115.0
1616501116.503132,-3783,8526,1907,9521,-2.8,7.9,116.2
1616501116.599301,-3817,8522,2021,9554,-2.9,6.9,115.5
1616501116.697522,-3698,8675,1946,9629,-2.9,8.2,114.4
1616501116.795415,-3568,8909,1882,9780,-2.6,9.5,113.6
1616501116.894739,-3584,8956,1986,9848,-2.0,9.6,113.4
1616501116.994770,-3572,8975,2020,9869,-1.9,8.7,112.6
1616501117.081650,-3199,9380,1748,10063,-0.1,10.8,
1616501117.180639,-3032,9462,1623,10068,-0.6,11.1,
1616501117.285450,-2890,9454,1486,9997,-0.3,11.1,
1616501117.382639,-2777,9513,1342,10000,0.3,8.6,
1616501117.481770,-2675,9572,1212,10012,-0.2,10.4,
1616501117.578142,-2433,9628,1056,9987,1.5,12.5,
1616501117.678959,-2282,9595,991,9912,1.5,10.9,105.4
1616501117.778406,-2105,9546,910,9818,0.9,9.8,104.3
1616501117.864659,-1596,9627,585,9776,-0.3,9.7,102.1
1616501117.968919,-1458,9550,546,9676,0.5,9.6,101.7
1616501118.067984,-1179,9316,489,9403,0.3,8.6,100.7
1616501118.153894,-923,9308,413,9363,1.6,9.1,97.1
1616501118.300906,-317,9141,172,9148,0.1,6.5,94.5
1616501118.448194,-12,8605,121,8606,-0.6,6.2,93.1
1616501118.594446,401,8384,-248,8397,0.6,6.9,89.9
1616501118.751545,713,7968,-278,8005,-1.7,7.6,88.0
1616501118.850498,1132,7646,-514,7746,-2.2,6.1,85.8
1616501118.956166,1153,7328,-480,7434,-2.4,5.8,84.0
1616501119.046340,1278,7125,-598,7263,-3.7,6.0,82.9
1616501119.144391,1397,6680,-650,6855,-2.4,6.0,82.6
1616501119.244729,1527,6538,-753,6756,-3.3,6.1,80.3
1616501119.345317,1649,6474,-832,6732,-3.5,3.9,79.3
1616501119.432254,1898,6116,-855,6461,-4.2,4.6,76.0
1616501119.536058,1958,5905,-859,6280,-5.1,2.2,75.2
1616501119.634626,2147,5747,-972,6211,-4.2,3.9,74.1
1616501119.732698,2019,5552,-849,5968,-4.7,6.2,73.7
1616501119.829524,2115,5527,-902,5986,-4.0,3.4,72.7
1616501119.928159,2169,5274,-751,5752,-4.7,2.6,71.9
1616501120.020194,2298,5330,-855,5867,-3.5,4.7,71.3
1616501120.128071,2199,5146,-678,5637,-4.0,2.6,70.3
1616501120.215986,2326,5136,-731,5685,-6.1,4.8,69.4
1616501120.319682,2357,5062,-667,5624,-6.5,7.0,67.8
1616501120.417688,2774,5120,-675,5862,-4.0,7.0,66.2
1616501120.515983,2867,4994,-603,5790,-5.3,6.6,63.9
1616501120.613526,2898,4927,-520,5740,-3.6,3.7,63.1
1616501120.711419,3086,5010,-421,5899,-6.3,4.4,62.4
1616501120.811409,3112,4921,-256,5828,-5.5,5.3,61.1
1616501120.912051,3117,4862,-52,5776,-4.9,6.4,60.8
1616501120.998343,3254,4922,132,5902,-3.8,8.5,59.9
1616501121.102996,3298,4937,223,5941,-3.1,5.7,59.0
1616501121.200852,3490,5008,506,6125,-4.9,9.2,58.0
1616501121.297838,3565,5010,620,6180,-4.4,2.9,57.5
1616501121.396640,3601,5009,689,6207,-4.7,2.7,58.3
1616501121.493959,3622,5231,697,6400,-4.9,4.4,58.3
1616501121.594737,3663,5299,703,6480,-4.6,6.1,57.9
1616501121.694920,3728,5329,699,6541,-4.9,3.4,58.3
1616501121.781673,3818,5378,501,6614,-4.0,2.2,57.0
1616501121.885986,3946,5368,436,6677,-6.0,6.5,56.0
1616501121.984107,4321,5335,384,6876,-3.1,2.8,54.7
1616501122.081876,4497,5149,349,6845,-3.1,5.8,51.5
1616501122.180268,4558,4985,379,6765,-1.0,3.8,49.8
1616501122.276913,4711,4684,558,6667,-2.1,1.8,48.5
1616501122.378229,4799,4504,711,6620,-5.2,1.0,45.4
1616501122.478028,4830,4316,864,6534,-2.3,2.6,44.0
1616501122.565451,4987,4180,1191,6615,-3.0,3.3,43.3
1616501122.669408,5051,4220,1467,6743,-2.7,2.3,42.0
1616501122.768567,5114,4083,1923,6821,-3.9,1.3,41.3
1616501122.858729,5033,4109,2115,6833,-5.1,4.7,41.6
1616501122.962277,5051,4201,2296,6959,-2.1,4.7,41.3
1616501123.061726,4975,4283,2652,7080,-4.6,2.5,42.5
1616501123.161310,4848,4340,2789,7079,-3.9,0.2,45.5
1616501123.261269,4810,4461,2860,7157,-3.8,5.2,45.1
1616501123.346624,4853,4879,2903,7469,-4.0,-0.1,47.3
1616501123.452944,4776,4981,2806,7449,-4.2,2.2,50.0
1616501123.551761,4584,5314,2462,7437,-3.6,2.0,51.8
1616501123.649430,4616,5488,2203,7502,-3.1,8.3,52.7
1616501123.746496,4624,5581,1889,7490,-2.8,5.2,53.5
1616501123.844984,4761,5729,1243,7552,-2.9,7.9,53.0
1616501123.944625,4856,5821,988,7644,-0.9,1.5,53.6
1616501124.044661,4945,5858,757,7703,-2.4,3.3,53.1
1616501124.132155,4920,5885,259,7675,-1.2,0.3,54.6
1616501124.235617,4862,5917,35,7658,-0.4,4.6,54.8
1616501124.372771,4779,5895,-422,7601,0.6,5.8,55.7
1616501124.532338,4726,5954,-1021,7670,-2.3,2.2,56.0
1616501124.628842,4744,5920,-1526,7738,-0.4,1.1,55.5
1616501124.727951,4659,5851,-1882,7712,-3.4,3.9,57.0
1616501124.827965,4521,5779,-2266,7679,0.3,3.8,57.4
1616501124.915248,4333,5470,-2910,7560,-1.8,2.3,55.8
1616501125.021210,4228,5195,-3208,7426,-3.2,2.1,54.4
1616501125.112946,4211,4633,-3576,7210,-2.7,1.7,53.4
1616501125.217369,4188,4323,-3484,6955,-0.7,4.8,49.4
1616501125.314999,4296,4096,-3448,6864,-2.0,8.4,49.5
1616501125.412299,4252,3547,-3105,6348,-2.2,3.5,46.0
1616501125.511250,4233,3439,-2906,6180,-2.1,0.5,42.5
1616501125.611218,4212,3249,-2616,5928,-1.8,1.7,40.8
1616501125.698907,4239,2887,-2217,5587,-2.2,3.8,37.7
1616501125.804274,4264,2783,-2013,5475,1.1,2.9,36.5
1616501125.902262,4423,2552,-1593,5349,-1.2,5.3,35.2
1616501125.999891,4445,2330,-1442,5222,-1.3,-0.2,30.9
1616501126.097341,4362,2207,-1291,5056,1.0,2.3,30.6
1616501126.195129,4280,1960,-922,4797,-1.2,2.7,29.0
1616501126.294579,4248,1814,-762,4682,-0.9,2.6,25.5
1616501126.394573,4140,1606,-577,4478,-1.9,1.2,23.7
1616501126.481399,4038,1371,-79,4265,-2.0,3.0,22.4
1616501126.585726,4008,1339,204,4231,-0.7,5.7,21.4
1616501126.724294,3957,1270,583,4197,-0.6,4.3,22.3
1616501126.879945,3906,1367,790,4213,-0.6,2.5,23.0
1616501126.978590,3972,1327,1010,4308,1.2,2.3,22.6
1616501127.077903,4000,1319,1076,4347,0.3,6.1,22.3
1616501127.177950,4009,1376,1172,4398,-0.5,4.5,24.4
1616501127.265005,4197,1652,1364,4712,0.8,3.2,26.3
1616501127.369407,4227,1725,1427,4783,1.7,1.6,28.0
1616501127.467777,4108,2026,1482,4814,1.6,2.8,30.3
1616501127.566397,4083,2175,1517,4869,0.5,4.8,34.0
1616501127.663316,4013,2307,1572,4889,0.7,3.2,35.7
1616501127.761776,3962,2588,1583,4990,0.7,3.5,36.8
1616501127.861110,4027,2788,1480,5117,0.3,4.1,40.5
1616501127.961221,4068,3039,1389,5264,1.5,3.2,41.9
1616501128.049474,4406,3486,1174,5740,1.7,1.6,42.0
1616501128.152659,4532,3562,1042,5858,0.7,2.3,42.7
1616501128.250900,4623,3747,820,6007,2.8,1.2,43.2
1616501128.338747,4725,3811,753,6116,0.3,4.2,42.6
1616501128.436842,4782,3822,719,6164,2.8,2.8,42.5
1616501128.584167,4958,3846,650,6308,2.6,2.4,41.3
1616501128.744552,5102,3820,588,6401,4.1,3.9,40.6
1616501128.833625,5296,3906,634,6611,3.8,1.5,40.4
1616501128.928181,5364,3944,690,6694,2.9,1.5,39.9
1616501129.077913,5497,3957,742,6814,-0.1,-3.1,40.0
1616501129.171784,5661,4199,564,7071,-1.1,-5.6,40.9
1616501129.271263,5697,4352,455,7184,-0.1,-2.3,42.5
1616501129.367685,5770,4576,333,7372,-1.8,0.1,43.0
1616501129.527457,5832,4870,107,7598,-0.8,-0.2,44.4
1616501129.615316,5652,4988,54,7538,1.3,-2.0,46.4
1616501129.720718,5557,5064,-40,7518,-0.8,-3.5,47.6
1616501129.820044,5523,5460,-525,7784,-1.3,-5.6,48.7
1616501129.917035,5581,5707,-802,8023,0.4,-3.6,50.0
1616501130.015668,5598,5924,-1029,8215,2.5,-5.3,50.8
1616501130.114121,5579,6304,-1453,8543,1.4,-5.3,51.7
1616501130.210938,5486,6438,-1631,8614,1.2,-3.1,54.4
1616501130.311297,5334,6580,-1833,8666,0.8,-3.7,55.4
1616501130.401213,5011,6799,-2044,8690,2.3,-3.7,58.1
1616501130.505755,4813,6919,-2148,8698,1.6,-4.0,58.6
1616501130.597035,4442,6856,-2167,8452,1.9,-3.0,60.1
1616501130.701495,4300,6967,-2218,8482,0.1,-1.5,63.0
1616501130.799553,4133,7024,-2262,8458,1.2,-0.9,64.5
1616501130.896057,3828,7207,-2269,8470,1.2,0.7,66.0
1616501130.997100,3719,7364,-2298,8564,1.1,-1.5,67.8
1616501131.085749,3622,7436,-2388,8609,-1.0,-0.9,68.1
1616501131.182745,3513,7581,-2421,8699,-0.6,-1.9,69.3
1616501131.288244,3431,7683,-2444,8762,0.7,-0.8,70.5
1616501131.386225,3276,7966,-2448,8954,0.0,-1.5,71.3
1616501131.485578,3190,8072,-2363,8995,-0.2,-1.0,73.1
1616501131.583150,3128,8197,-2316,9074,-0.2,-0.5,74.0
1616501131.679851,2863,8349,-2111,9075,0.5,-1.3,74.8
1616501131.778633,2672,8423,-1939,9047,-0.4,-0.6,77.6
1616501131.869639,2500,8507,-1787,9045,-0.5,-1.5,78.9
1616501131.969415,2093,8576,-1400,8938,-1.0,-1.2,81.5
1616501132.071584,1917,8664,-1241,8960,0.1,0.1,82.5
1616501132.170308,1631,8766,-945,8966,-0.8,-2.1,83.3
1616501132.266999,1440,8803,-841,8960,0.6,-2.0,86.3
1616501132.364790,1202,8929,-766,9042,0.1,-1.1,87.5
1616501132.462388,875,9027,-688,9095,0.1,-1.9,88.3
1616501132.560928,747,9049,-644,9103,-0.4,-1.7,89.9
1616501132.660999,633,9133,-614,9175,-0.7,-1.6,90.7
1616501132.749129,410,9210,-569,9237,-1.3,0.6,92.4
1616501132.853619,275,9263,-527,9282,-0.4,2.5,93.7
1616501132.952094,-127,9153,-300,9158,-3.4,3.4,94.6
1616501133.051413,-252,9105,-223,9111,-3.6,2.8,94.8
1616501133.149415,-181,9248,-327,9256,-5.6,4.4,95.1
1616501133.246117,-414,9030,-131,9040,-5.2,4.0,96.2
1616501133.344217,-351,9154,-299,9166,-5.1,0.3,97.1
1616501133.444347,-503,9152,-253,9169,-4.8,0.7,97.1
1616501133.532364,-504,9296,-352,9316,-5.3,3.7,97.3
1616501133.637116,-602,9189,-321,9214,-6.3,7.8,97.0
1616501133.736199,-540,9257,-517,9287,-6.7,6.5,96.9
1616501133.834054,-594,9158,-454,9188,-7.9,5.3,97.4
1616501133.932455,-602,9158,-454,9189,-7.9,4.6,97.0
1616501134.030560,-493,9187,-517,9215,-7.6,4.5,96.7
1616501134.128915,-491,9090,-491,9116,-7.5,4.7,97.2
1616501134.228197,-562,8959,-458,8988,-7.5,5.3,98.1
1616501134.315917,-818,8824,-395,8871,-6.3,6.5,99.6
1616501134.422520,-906,8782,-419,8839,-6.1,7.0,99.9
1616501134.520585,-1071,8708,-475,8786,-6.9,5.4,100.6
1616501134.618514,-1168,8660,-513,8753,-6.7,3.9,102.0
1616501134.716295,-1234,8576,-552,8682,-6.0,4.1,102.3
1616501134.814149,-1314,8573,-657,8698,-6.0,5.3,102.5
1616501134.912219,-1365,8504,-700,8641,-6.6,5.2,103.8
1616501135.012478,-1462,8433,-824,8598,-5.1,1.2,104.9
1616501135.103096,-1799,8361,-1092,8622,-5.2,4.0,106.9
1616501135.207727,-1926,8363,-1204,8666,-3.8,4.7,107.8
1616501135.305321,-2179,8492,-1474,8890,-5.1,2.5,108.4
1616501135.402465,-2208,8616,-1626,9042,-5.8,0.2,107.6
1616501135.501531,-2183,8840,-1684,9260,-10.7,3.0,107.3
1616501135.598363,-2068,9234,-1607,9598,-4.8,4.8,106.8
1616501135.697284,-2033,9380,-1586,9728,-4.3,1.0,106.0
1616501135.787090,-2046,9564,-1604,9911,-4.9,3.7,106.4
1616501135.883182,-2083,9568,-1396,9891,-4.8,0.2,106.7
1616501135.989416,-2124,9499,-1310,9821,-4.5,3.5,107.1
1616501136.087256,-2198,9248,-1063,9564,-4.4,2.1,107.3
1616501136.183418,-2147,9173,-956,9469,-3.7,6.3,107.4
1616501136.284297,-2098,9063,-845,9340,-1.0,-1.8,107.6
1616501136.381222,-2161,8742,-897,9050,-2.8,4.8,108.0
1616501136.479331,-2127,8611,-911,8916,-4.1,-1.7,108.4
1616501136.579434,-2183,8403,-867,8725,-4.1,4.5,109.0
1616501136.667862,-2245,7900,-727,8245,-4.2,3.7,110.0
1616501136.771934,-2257,7741,-502,8079,-5.6,9.5,110.2
1616501136.872254,-2348,7532,121,7890,-3.6,3.6,111.0
1616501136.968250,-2524,7598,390,8016,-6.1,7.3,112.7
1616501137.065931,-2634,7751,666,8213,-3.3,1.5,113.5
1616501137.165683,-2836,8132,1209,8697,-4.9,1.5,113.2
1616501137.262497,-2969,8308,1512,8951,-3.5,6.2,111.4
1616501137.362769,-2921,8587,1801,9247,-3.2,4.2,111.4
1616501137.451717,-2927,9029,2498,9815,-4.3,7.1,
1616501137.556432,-3059,9291,2698,10147,-3.3,0.8,
1616501137.654247,-3344,9898,3191,10924,-6.0,4.0,
1616501137.753840,-3490,10235,3360,11324,-5.1,5.0,
1616501137.844318,-3628,10399,3386,11522,-4.3,3.0,
1616501137.949976,-3794,11298,3103,12315,-5.8,6.0,
1616501138.048108,-3842,11624,2775,12553,-3.9,2.8,
1616501138.145317,-3982,11854,2319,12718,-2.6,4.4,
1616501138.244357,-4183,12164,1249,12924,-4.2,4.2,
1616501138.338869,-4293,12174,646,12925,-3.0,2.7,
1616501138.438464,-4362,12111,-592,12886,-3.3,1.8,
1616501138.537267,-4338,11955,-1143,12768,-3.4,5.7,
1616501138.635514,-4389,11639,-1661,12549,-3.6,3.7,
1616501138.734031,-4459,10950,-2439,12072,-5.3,7.4,
1616501138.830845,-4452,10512,-2690,11729,-3.4,4.2,
1616501138.929368,-4405,10086,-2845,11368,-3.4,-0.2,
1616501139.027648,-4119,9479,-2868,10726,-2.1,2.8,
1616501139.127732,-4026,9151,-2802,10383,-3.5,2.9,
1616501139.232089,-3880,8735,-2609,9908,-3.3,5.9,118.6
1616501139.313068,-3788,8567,-2511,9698,-4.3,2.3,118.3
1616501139.417750,-3644,8456,-2375,9509,-1.1,4.1,116.9
1616501139.515871,-3318,8451,-1937,9283,-3.1,2.0,115.5
1616501139.613305,-3333,8525,-1838,9336,-3.3,1.7,115.4
1616501139.703930,-3384,8646,-1626,9426,-2.4,4.9,114.5
1616501139.799556,-3382,8975,-1581,9720,-4.3,6.1,
1616501139.904859,-3262,9303,-1696,10003,-1.7,3.9,
1616501140.015025,-3147,9296,-1561,9938,-2.9,3.0,112.8
1616501140.095551,-3217,9195,-1420,9844,-1.8,2.0,113.3
1616501140.201310,-3237,9208,-1211,9835,-3.5,5.5,114.0
1616501140.296473,-3365,9431,-783,10044,-1.3,4.6,
1616501140.395639,-3367,9528,-713,10131,-2.2,5.9,
1616501140.494298,-3310,9541,-643,10119,-2.2,5.2,
1616501140.594738,-3511,9489,-677,10140,-2.1,1.3,
1616501140.689317,-3610,9490,-712,10178,0.0,3.2,
1616501140.788980,-3790,9360,-1072,10154,-0.7,3.7,
1616501140.886619,-3844,9374,-1359,10222,1.2,2.4,
1616501140.977585,-3888,9269,-1713,10196,-3.5,5.8,
1616501141.083859,-4181,9086,-2679,10354,-2.3,1.9,
1616501141.181181,-4278,9071,-3137,10508,-0.4,-1.3,
1616501141.279301,-4370,9076,-3566,10686,-2.0,0.5,
1616501141.377674,-4278,9211,-4145,10969,-0.4,-1.7,
1616501141.478075,-4175,9195,-4230,10949,1.1,4.8,
1616501141.572500,-4181,9216,-4084,10913,-1.0,7.7,
1616501141.669437,-4178,9270,-3841,10869,0.3,2.9,
1616501141.768829,-4219,9349,-3590,10867,-2.3,1.2,
1616501141.866821,-4129,9655,-2940,10905,-1.2,0.2,
1616501141.956384,-4036,9715,-2595,10835,-2.0,3.3,
1616501142.062734,-4036,9754,-2263,10796,-1.6,6.4,
1616501142.152167,-3868,9917,-1551,10757,-0.8,4.7,
1616501142.256524,-3764,9963,-1233,10721,0.2,1.8,
1616501142.357446,-3319,10220,-803,10775,-1.5,0.9,
1616501142.455902,-3087,10203,-707,10683,-0.7,5.6,
1616501142.551294,-2965,10088,-724,10540,-1.6,2.9,
1616501142.649103,-2756,9724,-812,10140,-0.1,7.0,
1616501142.749809,-2672,9475,-914,9887,-0.8,4.8,109.6
1616501142.837093,-2550,9284,-1019,9682,-1.8,2.3,108.7
1616501142.932180,-2196,9031,-1348,9391,-0.3,1.4,108.3
1616501143.044340,-2222,8866,-1452,9254,-0.8,1.5,108.4
1616501143.138798,-2300,8584,-1629,9034,2.1,4.2,110.0
1616501143.236544,-2374,8446,-1744,8944,-3.1,0.2,111.6
1616501143.334389,-2372,8337,-1793,8851,0.5,3.0,110.5
1616501143.433462,-2291,8185,-1739,8676,-2.8,6.8,110.4
1616501143.532219,-2288,8114,-1770,8614,-2.1,-3.7,108.8
1616501143.621994,-2295,8169,-1797,8673,-0.1,4.9,109.9
1616501143.715981,-2157,8263,-1768,8720,-1.9,-1.2,109.2
1616501143.827687,-2093,8286,-1739,8721,-1.8,7.8,108.6
1616501143.915353,-1815,8412,-1593,8752,0.2,5.1,107.0
1616501144.019421,-1695,8391,-1645,8717,2.5,2.9,106.4
1616501144.119214,-1768,8377,-1658,8721,-0.3,-1.7,105.6
1616501144.215617,-1820,8304,-1754,8680,3.0,2.1,107.0
1616501144.313255,-1918,8205,-1817,8620,1.7,0.8,107.8
1616501144.415585,-1949,8078,-1858,8514,1.1,8.9,110.0
1616501144.502662,-1830,8013,-1925,8442,1.6,5.2,108.2
1616501144.610979,-1758,7934,-2058,8382,0.4,6.2,107.9
1616501144.706072,-1641,8014,-2355,8513,1.8,-1.0,105.3
1616501144.805554,-1561,8021,-2488,8542,-0.3,-1.2,105.0
1616501144.900896,-1527,8066,-2607,8613,2.8,4.6,105.6
1616501144.999510,-1392,8208,-2716,8757,-0.1,5.2,105.2
1616501145.096841,-1379,8243,-2558,8740,3.0,4.7,104.5
1616501145.197058,-1336,8265,-2388,8706,0.5,4.0,104.0
1616501145.281969,-1200,8445,-2282,8830,2.4,4.2,101.7
1616501145.383556,-1057,8624,-2271,8980,0.5,4.6,101.4
1616501145.488954,-758,8782,-2176,9079,1.1,0.7,99.1
1616501145.585696,-659,8757,-2147,9040,0.1,0.7,98.0
1616501145.683490,-559,8751,-2021,8999,4.6,2.1,97.7
1616501145.781928,-411,8644,-1561,8793,4.5,3.4,97.6
1616501145.879921,-403,8489,-1272,8593,4.2,-1.2,96.6
1616501145.980305,-410,8365,-1023,8437,2.3,-1.3,97.4
1616501146.067647,-579,8220,-587,8261,3.1,-4.2,98.1
1616501146.173145,-649,8210,-417,8246,4.1,-1.8,98.8
1616501146.264698,-730,8165,-189,8200,5.3,-0.4,99.1
1616501146.369347,-819,8139,-184,8182,6.6,-0.4,100.2
1616501146.467446,-886,8137,-229,8188,5.6,-0.6,100.7
1616501146.565203,-977,8200,-249,8262,6.0,0.5,100.9
1616501146.663700,-976,8238,-314,8302,6.4,-0.6,101.0
1616501146.764132,-1012,8263,-345,8332,4.9,-2.3,101.2
1616501146.857443,-1232,8046,-249,8144,1.0,-2.6,104.2
1616501146.961005,-1424,7851,-206,7982,1.1,-3.0,105.9
1616501147.056047,-1827,7675,-113,7890,-0.2,-4.3,107.3
1616501147.153200,-1944,7627,-141,7872,0.4,-4.6,108.8
1616501147.251887,-2032,7602,-214,7872,-0.5,-4.3,109.9
1616501147.348894,-2296,7385,-216,7736,0.0,-4.4,111.1
1616501147.447021,-2480,7233,-172,7648,0.1,-4.1,114.7
1616501147.551447,-2676,7047,-92,7538,-0.1,-2.9,117.2
1616501147.641098,-3186,6595,199,7326,0.1,-2.3,122.0
1616501147.744481,-3359,6352,305,7192,-0.3,-2.8,125.2
1616501147.839040,-3706,5847,584,6947,-0.3,-2.4,126.5
1616501147.927530,-3809,5659,678,6855,0.0,-1.1,129.3
1616501148.034901,-3896,5522,675,6792,0.3,-1.1,130.5
1616501148.132134,-4054,5407,773,6802,0.2,-1.2,131.0
1616501148.230560,-4109,5328,842,6781,-0.8,-2.7,132.6
1616501148.330340,-4155,5247,861,6748,0.2,-0.8,132.9
1616501148.424416,-4233,5136,895,6715,-0.5,-1.0,134.0
1616501148.522789,-4273,5114,845,6718,0.5,-2.4,135.1
1616501148.621727,-4338,5033,745,6686,0.4,-1.8,134.8
1616501148.720283,-4347,4979,698,6646,-0.2,-1.1,136.1
1616501148.817837,-4381,4860,582,6568,-1.0,-2.8,137.5
1616501148.916028,-4619,4511,509,6476,0.1,-3.0,139.8
1616501149.013343,-4779,4300,402,6441,0.6,-2.6,144.1
1616501149.113727,-4911,4112,286,6412,0.8,-2.5,146.3
1616501149.207760,-5087,3664,171,6271,0.3,-2.1,150.0
1616501149.296279,-5123,3459,45,6182,0.2,0.6,151.8
1616501149.444764,-5221,3097,-205,6074,-1.1,2.1,154.9
1616501149.544173,-5235,2728,-416,5918,-2.9,3.3,156.4
1616501149.639830,-5211,2511,-467,5803,-2.4,1.0,160.0
1616501149.737136,-5195,2301,-504,5704,-2.1,0.9,162.4
1616501149.835868,-5236,1849,-519,5577,-2.0,1.4,164.4
1616501149.934349,-5316,1675,-499,5596,-3.8,2.5,170.6
1616501150.046392,-5521,1202,-305,5659,-5.8,2.7,171.5
1616501150.128898,-5627,912,-181,5703,-5.2,3.0,174.8
1616501150.227208,-5559,880,-275,5634,-4.7,1.4,176.6
1616501150.327595,-5606,757,-221,5661,-4.4,2.0,176.2
1616501150.423431,-5635,695,-185,5681,-4.2,3.4,176.4
1616501150.517297,-5642,739,-171,5693,-6.5,5.6,176.3
1616501150.621422,-5803,667,-116,5842,-6.2,5.6,177.4
1616501150.717051,-5833,792,-214,5890,-7.8,6.3,175.3
1616501150.829975,-6113,983,-247,6196,-7.5,3.6,174.7
1616501150.912995,-6252,1055,-294,6347,-8.0,4.1,173.9
1616501151.011082,-6407,1112,-321,6511,-6.8,5.4,173.7
1616501151.110823,-6805,1181,-459,6922,-7.3,7.8,173.8
1616501151.217423,-6947,1270,-527,7082,-7.9,6.8,171.9
1616501151.305388,-7023,1434,-627,7195,-8.2,3.9,171.5
1616501151.402632,-7308,1532,-783,7508,-8.7,0.7,171.5
1616501151.510925,-7512,1632,-989,7751,-8.1,2.6,171.1
1616501151.610882,-8011,1814,-1466,8344,-9.1,3.3,169.9
1616501151.697618,-8172,1887,-1712,8560,-6.6,6.1,170.6
1616501151.796228,-8461,1830,-1948,8873,-7.3,4.7,170.3
1616501151.902708,-8621,1926,-2510,9183,-7.5,3.9,169.7
1616501152.001263,-8679,1954,-2652,9283,-7.0,-0.5,168.6
1616501152.099682,-8631,1938,-2885,9304,-9.0,7.8,168.7
1616501152.190452,-8811,2069,-3292,9631,-8.2,3.5,167.0
1616501152.294797,-8764,2196,-3508,9692,-8.7,3.3,168.0
1616501152.401209,-8878,2116,-3897,9924,-8.2,2.8,167.7
1616501152.482206,-8812,2088,-4068,9928,-4.4,8.0,168.6
1616501152.578248,-8663,2050,-4102,9802,-6.3,6.0,169.4
1616501152.686064,-8576,1475,-4006,9580,-6.9,6.0,171.7
1616501152.784186,-8511,1284,-3893,9446,-5.1,2.7,173.9
1616501152.882725,-8405,1022,-3708,9243,-7.9,4.8,176.9
1616501152.972897,-8144,553,-3342,8820,-6.2,1.5,178.7
1616501153.078123,-7975,477,-3072,8560,-5.4,10.2,180.3
1616501153.180407,-7772,102,-2575,8188,-5.2,5.5,181.6
1616501153.263657,-7806,82,-2256,8126,-4.6,3.9,183.2
1616501153.361093,-7821,-14,-1847,8036,-3.8,3.3,183.4
1616501153.469225,-7804,143,-1223,7900,-1.4,-0.4,182.8
1616501153.556138,-7784,391,-843,7839,-6.2,2.6,179.9
1616501153.655348,-7764,520,-447,7794,-4.7,4.8,177.9
1616501153.753266,-7796,1020,101,7863,-4.7,10.9,176.5
1616501153.851358,-7602,1406,341,7738,-2.0,6.7,171.6
1616501153.964713,-7112,1847,888,7401,-4.3,-0.8,170.0
1616501154.046935,-6634,2202,1109,7077,-3.5,0.5,165.1
1616501154.145127,-6318,2225,1401,6843,-2.9,-1.2,162.5
1616501154.244106,-5776,2867,1606,6645,0.1,5.9,156.8
1616501154.351206,-5713,3008,1697,6676,-5.4,9.3,151.8
1616501154.448376,-5450,3287,1458,6529,-2.2,6.5,150.9
1616501154.540676,-5292,3342,1018,6341,-4.6,-0.1,153.1
1616501154.634138,-5312,3173,489,6207,1.7,-2.1,157.9
1616501154.747865,-5811,2339,-158,6266,-1.3,6.0,162.0
1616501154.831303,-5978,1849,-504,6278,-2.1,5.1,171.6
1616501154.928249,-6252,1323,-620,6420,-5.5,7.7,174.7
1616501155.028078,-6425,674,-850,6516,-4.2,2.1,177.5
1616501155.134298,-6754,346,-888,6821,-3.7,-2.5,181.0
1616501155.221987,-6851,313,-969,6926,-2.1,1.5,181.6
1616501155.319234,-6994,99,-1138,7086,-2.8,4.7,182.9
1616501155.428583,-6797,332,-1243,6918,-1.9,10.7,181.3
1616501155.527822,-6637,337,-1270,6766,-0.2,0.2,181.0
1616501155.613914,-6587,433,-1247,6718,-2.5,0.7,180.2
1616501155.712443,-6531,435,-1171,6649,-0.4,3.0,179.6
1616501155.810712,-6265,415,-962,6352,-2.3,3.1,179.9
1616501155.911268,-5909,506,-851,5991,-2.0,3.6,181.4
1616501156.004754,-5847,241,-601,5882,-3.3,3.8,180.6
1616501156.102812,-5606,136,-305,5616,-1.9,1.9,182.6
1616501156.253541,-5094,88,-317,5105,0.6,3.3,183.4
1616501156.360781,-4899,47,-171,4902,-2.2,6.7,184.0
1616501156.455416,-4458,85,-535,4490,-1.1,8.9,182.9
1616501156.552818,-4454,109,-600,4496,-3.1,0.7,184.0
1616501156.651738,-4551,21,-631,4594,-0.8,2.0,183.3
1616501156.751091,-4750,245,-638,4798,-1.5,0.1,180.8
1616501156.848127,-4812,514,-660,4884,-1.2,0.0,174.9
1616501156.948754,-4954,808,-844,5090,1.1,-0.1,171.7
1616501157.037317,-5452,1262,-1126,5708,1.7,8.5,171.2
1616501157.144005,-5712,1255,-1262,5983,-2.4,8.0,170.2
1616501157.244464,-5841,1703,-1605,6292,0.5,6.2,168.2
1616501157.338935,-5855,1835,-1793,6392,-1.5,1.2,165.3
1616501157.436274,-6076,2084,-2031,6737,-0.2,0.9,163.0
1616501157.534870,-6396,2594,-2477,7333,-2.6,-0.1,161.1
1616501157.631982,-6551,2782,-2747,7629,0.7,5.3,159.0
1616501157.723952,-6589,3042,-3050,7872,-2.8,7.0,160.3
1616501157.824267,-6679,3051,-3581,8170,-0.7,5.1,159.7
1616501157.927343,-6801,3072,-3886,8414,-2.0,2.6,160.5
1616501158.027443,-6701,2761,-4457,8508,-1.9,-2.3,160.0
1616501158.122811,-6608,2573,-4792,8559,-1.3,4.9,163.3
1616501158.219859,-6448,2489,-5054,8562,0.1,4.7,163.9
1616501158.318754,-6370,1882,-5512,8631,-0.1,3.5,168.2
1616501158.416119,-6575,1650,-5582,8781,-2.2,9.1,173.1
1616501158.506630,-6836,1391,-5458,8858,-0.8,2.3,175.6
1616501158.600963,-7494,1076,-5219,9195,-2.6,1.9,175.9
1616501158.711018,-7728,1221,-5044,9308,1.2,1.6,172.5
1616501158.810691,-8127,1530,-4825,9574,-1.2,9.5,173.5
1616501158.911113,-8297,1862,-4856,9792,-0.8,-0.6,168.0
1616501159.001470,-8367,2169,-4829,9901,-4.3,0.9,
1616501159.094447,-8339,2394,-4818,9924,-1.9,1.0,167.2
1616501159.200995,-8121,2612,-5058,9917,3.5,2.6,169.7
1616501159.299716,-7891,2732,-4964,9715,7.4,3.3,170.3
1616501159.387103,-7718,2637,-4556,9342,13.1,1.5,171.2
1616501159.493972,-7547,2688,-4352,9117,10.9,2.9,170.4
1616501159.594116,-7106,2692,-4011,8592,9.7,4.7,169.1
1616501159.689128,-6871,2696,-3853,8326,9.1,0.4,167.2
1616501159.786607,-6633,2712,-3680,8056,10.9,2.0,167.3
1616501159.885019,-6520,2211,-2973,7499,10.4,7.3,170.7
1616501159.982713,-6471,2021,-2759,7319,11.5,6.6,171.1
1616501160.081887,-6358,2011,-2733,7206,9.5,3.0,170.6
1616501160.170117,-6140,2035,-2557,6956,3.5,2.4,167.6
1616501160.277400,-6050,2001,-2460,6830,4.4,0.7,168.0
1616501160.377473,-6027,1801,-2228,6673,2.2,1.0,168.2
1616501160.472101,-6035,1679,-2099,6607,4.5,2.4,171.5
1616501160.569568,-6066,1546,-1957,6559,4.8,2.5,173.6
1616501160.662312,-6032,1483,-1671,6432,8.8,4.3,172.9
1616501160.766826,-5991,1489,-1567,6369,9.6,3.1,172.6
1616501160.855959,-5947,1519,-1469,6311,10.8,2.4,171.5
1616501160.957692,-5804,1553,-1396,6168,10.4,2.4,171.6
1616501161.060092,-5763,1556,-1402,6132,10.2,3.6,170.9
1616501161.160729,-5677,1618,-1427,6073,10.7,3.4,171.1
1616501161.256128,-5644,1652,-1438,6054,9.0,3.7,169.8
1616501161.353061,-5614,1691,-1446,6039,9.2,2.5,169.5
1616501161.451924,-5585,1766,-1482,6042,8.5,2.6,168.9
1616501161.549044,-5560,1804,-1531,6043,8.9,2.8,168.1
1616501161.649689,-5468,1790,-1512,5948,7.5,3.2,168.0
1616501161.738565,-5492,1790,-1491,5966,5.0,4.3,165.8
1616501161.843370,-5513,1748,-1476,5969,-3.7,2.5,166.4
1616501161.934924,-5624,1630,-1362,6012,-4.4,2.9,167.1
1616501162.044149,-5649,1603,-1347,6025,-2.3,3.5,168.7
1616501162.136874,-5682,1557,-1286,6030,-0.6,3.2,169.0
1616501162.234682,-5702,1545,-1307,6050,-2.6,3.4,168.5
1616501162.333160,-5694,1557,-1294,6043,-1.6,3.3,168.5
1616501162.423455,-5670,1572,-1323,6031,-0.7,3.0,168.5
1616501162.521392,-5662,1564,-1320,6021,-2.3,3.2,168.2
1616501162.626991,-5658,1583,-1323,6022,-1.7,3.4,168.5
1616501162.718346,-5662,1568,-1340,6026,-1.3,3.3,168.4
1616501162.823013,-5690,1565,-1307,6044,-1.8,3.5,168.4
1616501162.920398,-5678,1561,-1287,6028,-1.8,3.4,168.7
1616501163.019742,-5719,1527,-1287,6058,-1.6,3.3,168.9
1616501163.116681,-5722,1535,-1254,6056,-1.6,3.3,168.6
1616501163.210754,-5710,1557,-1269,6053,-1.7,3.3,168.7
1616501163.304751,-5706,1584,-1314,6066,-1.9,3.3,168.2
1616501163.410429,-5681,1592,-1306,6043,-1.5,3.3,167.5
1616501163.510606,-5599,1656,-1382,6000,-1.6,3.3,167.3
1616501163.605754,-5590,1691,-1385,6002,-1.8,3.3,166.4
1616501163.705051,-5549,1740,-1434,5990,-1.9,3.2,166.4
1616501163.802744,-5509,1764,-1479,5971,-1.6,3.2,166.1
1616501163.900091,-5484,1790,-1516,5965,-1.7,3.3,165.8
1616501163.994005,-5500,1791,-1503,5976,-1.6,3.0,165.8
1616501164.087805,-5492,1790,-1512,5971,-1.6,3.2,165.9
1616501164.194115,-5501,1775,-1504,5973,-1.6,3.0,166.6
1616501164.293930,-5571,1664,-1433,5988,-1.8,3.3,167.2
1616501164.388695,-5616,1629,-1379,6008,-1.4,3.2,168.2
1616501164.486922,-5673,1587,-1340,6041,-1.5,3.3,168.6
